   1.0000000e+00   7.7400000e+02   8.1400000e+02   9.1200000e+02   9.6600000e+02   9.9100000e+02   1.1060000e+03   1.1760000e+03   1.2550000e+03
   3.0000000e+00   8.1600000e+02   8.5700000e+02   9.6500000e+02   1.0350000e+03   1.0850000e+03   1.1790000e+03   1.2330000e+03   1.3200000e+03
   5.0000000e+00   8.2200000e+02   9.0500000e+02   1.0390000e+03   1.0480000e+03   1.2220000e+03   1.1980000e+03   1.3590000e+03   1.4730000e+03
   7.0000000e+00   8.9800000e+02   9.6200000e+02   1.0950000e+03   1.1560000e+03   1.2680000e+03   1.3080000e+03   1.4000000e+03   1.4700000e+03
   9.0000000e+00   9.5300000e+02   1.0480000e+03   1.1360000e+03   1.1810000e+03   1.3480000e+03   1.4090000e+03   1.4330000e+03   1.5870000e+03
   1.1000000e+01   9.8600000e+02   1.0510000e+03   1.1530000e+03   1.2960000e+03   1.3600000e+03   1.4740000e+03   1.4830000e+03   1.6870000e+03
   1.3000000e+01   1.0170000e+03   1.1480000e+03   1.3400000e+03   1.3880000e+03   1.4410000e+03   1.6020000e+03   1.6310000e+03   1.7230000e+03
   1.5000000e+01   1.0860000e+03   1.1970000e+03   1.3440000e+03   1.4020000e+03   1.5260000e+03   1.6220000e+03   1.6810000e+03   1.7550000e+03
   1.7000000e+01   1.0820000e+03   1.1930000e+03   1.3990000e+03   1.4150000e+03   1.6490000e+03   1.6550000e+03   1.7820000e+03   1.8770000e+03
   1.9000000e+01   1.1430000e+03   1.2340000e+03   1.4660000e+03   1.5450000e+03   1.6570000e+03   1.7590000e+03   1.8590000e+03   1.9650000e+03
   2.1000000e+01   1.2370000e+03   1.3730000e+03   1.4850000e+03   1.5550000e+03   1.7840000e+03   1.8250000e+03   1.9410000e+03   2.0590000e+03
   2.3000000e+01   1.1800000e+03   1.3230000e+03   1.5670000e+03   1.6750000e+03   1.7470000e+03   1.8030000e+03   2.0060000e+03   2.1480000e+03
   2.5000000e+01   1.2880000e+03   1.4510000e+03   1.5970000e+03   1.7580000e+03   1.8710000e+03   2.1130000e+03   2.1080000e+03   2.2290000e+03
   2.7000000e+01   1.3100000e+03   1.4620000e+03   1.6230000e+03   1.7540000e+03   1.8840000e+03   2.0340000e+03   2.0990000e+03   2.2940000e+03
   2.9000000e+01   1.2840000e+03   1.5070000e+03   1.7100000e+03   1.8430000e+03   1.9740000e+03   2.1670000e+03   2.2480000e+03   2.3760000e+03
   3.1000000e+01   1.2810000e+03   1.5550000e+03   1.7460000e+03   1.9100000e+03   2.0980000e+03   2.2500000e+03   2.3690000e+03   2.4400000e+03
   3.3000000e+01   1.4480000e+03   1.5420000e+03   1.7990000e+03   1.8680000e+03   2.1900000e+03   2.3130000e+03   2.3660000e+03   2.5140000e+03
   3.5000000e+01   1.3680000e+03   1.5610000e+03   1.8270000e+03   1.9670000e+03   2.1050000e+03   2.3620000e+03   2.5290000e+03   2.6510000e+03
   3.7000000e+01   1.4080000e+03   1.6750000e+03   1.8120000e+03   1.9840000e+03   2.2290000e+03   2.3860000e+03   2.5370000e+03   2.6420000e+03
   3.9000000e+01   1.4030000e+03   1.6730000e+03   1.8610000e+03   2.0540000e+03   2.3110000e+03   2.4450000e+03   2.6210000e+03   2.7130000e+03
   4.1000000e+01   1.4770000e+03   1.6350000e+03   1.8990000e+03   2.1530000e+03   2.3450000e+03   2.4390000e+03   2.6590000e+03   2.8240000e+03
   4.3000000e+01   1.5460000e+03   1.7080000e+03   1.8800000e+03   2.0900000e+03   2.3440000e+03   2.5000000e+03   2.6040000e+03   2.9170000e+03
   4.5000000e+01   1.4590000e+03   1.6890000e+03   1.9430000e+03   2.1450000e+03   2.3520000e+03   2.5350000e+03   2.7460000e+03   2.9440000e+03
   4.7000000e+01   1.4630000e+03   1.7770000e+03   1.9260000e+03   2.1270000e+03   2.3090000e+03   2.4960000e+03   2.7890000e+03   2.9980000e+03
   4.9000000e+01   1.5140000e+03   1.8110000e+03   1.9400000e+03   2.2290000e+03   2.4250000e+03   2.6580000e+03   2.8250000e+03   3.0200000e+03
   5.1000000e+01   1.5300000e+03   1.7510000e+03   2.0150000e+03   2.2610000e+03   2.4540000e+03   2.6990000e+03   2.9180000e+03   3.1590000e+03
   5.3000000e+01   1.4760000e+03   1.7040000e+03   2.0360000e+03   2.1580000e+03   2.4380000e+03   2.6260000e+03   2.8640000e+03   3.0780000e+03
   5.5000000e+01   1.5130000e+03   1.7150000e+03   2.1180000e+03   2.2510000e+03   2.4800000e+03   2.6270000e+03   2.9460000e+03   3.1890000e+03
   5.7000000e+01   1.4850000e+03   1.7580000e+03   2.0440000e+03   2.2380000e+03   2.5480000e+03   2.8630000e+03   3.0040000e+03   3.1400000e+03
   5.9000000e+01   1.5590000e+03   1.7160000e+03   2.0080000e+03   2.2640000e+03   2.4970000e+03   2.8210000e+03   2.9670000e+03   3.1800000e+03
   6.1000000e+01   1.5100000e+03   1.6920000e+03   1.9550000e+03   2.3110000e+03   2.6120000e+03   2.7630000e+03   3.0320000e+03   3.3740000e+03
   6.3000000e+01   1.4600000e+03   1.6650000e+03   2.0400000e+03   2.1330000e+03   2.5660000e+03   2.9400000e+03   3.0240000e+03   3.3630000e+03
   6.5000000e+01   1.4420000e+03   1.6560000e+03   2.0050000e+03   2.1820000e+03   2.4460000e+03   2.7940000e+03   3.0220000e+03   3.3860000e+03
   6.7000000e+01   1.4500000e+03   1.6200000e+03   1.8800000e+03   2.2640000e+03   2.6360000e+03   2.8810000e+03   3.1170000e+03   3.4130000e+03
   6.9000000e+01   1.4120000e+03   1.6400000e+03   1.9700000e+03   2.2590000e+03   2.5070000e+03   2.8310000e+03   3.0690000e+03   3.3520000e+03
   7.1000000e+01   1.3930000e+03   1.5730000e+03   1.9430000e+03   2.2180000e+03   2.6140000e+03   2.9060000e+03   3.0350000e+03   3.4210000e+03
   7.3000000e+01   1.4640000e+03   1.5880000e+03   1.9370000e+03   2.1800000e+03   2.5270000e+03   2.8080000e+03   2.9600000e+03   3.4940000e+03
   7.5000000e+01   1.3850000e+03   1.6680000e+03   1.9270000e+03   2.1130000e+03   2.5070000e+03   2.7140000e+03   3.1180000e+03   3.5030000e+03
   7.7000000e+01   1.2780000e+03   1.5950000e+03   1.9170000e+03   2.1700000e+03   2.5310000e+03   2.9060000e+03   3.0340000e+03   3.5320000e+03
   7.9000000e+01   1.3270000e+03   1.5750000e+03   1.9280000e+03   2.1390000e+03   2.4640000e+03   2.7780000e+03   3.0360000e+03   3.4400000e+03
   8.1000000e+01   1.3800000e+03   1.6050000e+03   1.8720000e+03   2.0860000e+03   2.4000000e+03   2.7240000e+03   3.0450000e+03   3.3990000e+03
   8.3000000e+01   1.2720000e+03   1.5820000e+03   1.8650000e+03   2.0930000e+03   2.5020000e+03   2.7600000e+03   2.9730000e+03   3.3930000e+03
   8.5000000e+01   1.2850000e+03   1.5470000e+03   1.8260000e+03   2.0160000e+03   2.4590000e+03   2.7090000e+03   3.0070000e+03   3.4060000e+03
   8.7000000e+01   1.2470000e+03   1.4950000e+03   1.7570000e+03   2.0420000e+03   2.3310000e+03   2.6190000e+03   3.0500000e+03   3.3850000e+03
   8.9000000e+01   1.3320000e+03   1.4580000e+03   1.8330000e+03   1.9550000e+03   2.3850000e+03   2.7770000e+03   3.0180000e+03   3.3930000e+03
   9.1000000e+01   1.1790000e+03   1.4100000e+03   1.7590000e+03   1.9620000e+03   2.3820000e+03   2.7650000e+03   2.9530000e+03   3.3090000e+03
   9.3000000e+01   1.1870000e+03   1.4380000e+03   1.6850000e+03   1.9600000e+03   2.2650000e+03   2.6450000e+03   2.9190000e+03   3.2530000e+03
   9.5000000e+01   1.1310000e+03   1.3990000e+03   1.7380000e+03   1.9360000e+03   2.2500000e+03   2.6520000e+03   2.9070000e+03   3.2150000e+03
   9.7000000e+01   1.1040000e+03   1.3350000e+03   1.6010000e+03   1.9110000e+03   2.2340000e+03   2.5540000e+03   2.7760000e+03   3.3120000e+03
   9.9000000e+01   1.1190000e+03   1.3880000e+03   1.6730000e+03   1.9230000e+03   2.1550000e+03   2.5510000e+03   2.8480000e+03   3.2790000e+03
   1.0100000e+02   1.0910000e+03   1.3190000e+03   1.6920000e+03   1.8930000e+03   2.2060000e+03   2.5300000e+03   2.7690000e+03   3.1830000e+03
   1.0300000e+02   1.1150000e+03   1.2540000e+03   1.5840000e+03   1.9170000e+03   2.1360000e+03   2.3670000e+03   2.6790000e+03   3.2390000e+03
   1.0500000e+02   1.0380000e+03   1.2530000e+03   1.5700000e+03   1.7410000e+03   2.1270000e+03   2.4860000e+03   2.6740000e+03   3.2570000e+03
   1.0700000e+02   9.8700000e+02   1.2740000e+03   1.4920000e+03   1.7800000e+03   2.0510000e+03   2.4460000e+03   2.5530000e+03   3.1450000e+03
   1.0900000e+02   1.0310000e+03   1.2690000e+03   1.4910000e+03   1.6670000e+03   2.0620000e+03   2.4690000e+03   2.6520000e+03   3.0730000e+03
   1.1100000e+02   1.0220000e+03   1.2390000e+03   1.4870000e+03   1.6480000e+03   2.0780000e+03   2.2550000e+03   2.5650000e+03   3.0460000e+03
   1.1300000e+02   1.0170000e+03   1.1740000e+03   1.4880000e+03   1.6860000e+03   1.9940000e+03   2.2620000e+03   2.5310000e+03   2.9760000e+03
   1.1500000e+02   9.5800000e+02   1.1400000e+03   1.4150000e+03   1.6960000e+03   1.9260000e+03   2.3520000e+03   2.4590000e+03   2.9420000e+03
   1.1700000e+02   9.3300000e+02   1.1680000e+03   1.4320000e+03   1.5930000e+03   1.9300000e+03   2.2300000e+03   2.4320000e+03   2.8920000e+03
   1.1900000e+02   9.9000000e+02   1.1520000e+03   1.3930000e+03   1.6180000e+03   1.9210000e+03   2.2340000e+03   2.4180000e+03   2.8360000e+03
   1.2100000e+02   9.0200000e+02   1.0810000e+03   1.3380000e+03   1.4920000e+03   1.8830000e+03   2.1500000e+03   2.3520000e+03   2.8050000e+03
   1.2300000e+02   9.0300000e+02   1.0520000e+03   1.3720000e+03   1.5380000e+03   1.9020000e+03   2.1650000e+03   2.2950000e+03   2.8030000e+03
   1.2500000e+02   8.9300000e+02   1.1210000e+03   1.3020000e+03   1.4970000e+03   1.8350000e+03   2.0720000e+03   2.3980000e+03   2.7890000e+03
   1.2700000e+02   8.3700000e+02   1.0780000e+03   1.3040000e+03   1.5290000e+03   1.7340000e+03   2.0570000e+03   2.2690000e+03   2.7310000e+03
   1.2900000e+02   8.1700000e+02   1.0150000e+03   1.2640000e+03   1.3950000e+03   1.7540000e+03   1.9890000e+03   2.2620000e+03   2.6940000e+03
   1.3100000e+02   8.1200000e+02   9.7300000e+02   1.3030000e+03   1.4750000e+03   1.6990000e+03   2.0120000e+03   2.2060000e+03   2.6270000e+03
   1.3300000e+02   8.1700000e+02   1.0120000e+03   1.2150000e+03   1.4170000e+03   1.6750000e+03   1.9750000e+03   2.1430000e+03   2.6360000e+03
   1.3500000e+02   8.0800000e+02   9.8700000e+02   1.1350000e+03   1.4430000e+03   1.6170000e+03   1.9590000e+03   2.1060000e+03   2.5110000e+03
   1.3700000e+02   7.8300000e+02   9.3300000e+02   1.1940000e+03   1.4100000e+03   1.4970000e+03   1.8620000e+03   2.1410000e+03   2.4960000e+03
   1.3900000e+02   7.3300000e+02   9.2700000e+02   1.1630000e+03   1.3550000e+03   1.6080000e+03   1.8420000e+03   2.0560000e+03   2.4550000e+03
   1.4100000e+02   7.6200000e+02   9.3700000e+02   1.0360000e+03   1.2920000e+03   1.5660000e+03   1.8380000e+03   2.0920000e+03   2.4610000e+03
   1.4300000e+02   7.3300000e+02   9.0300000e+02   1.0840000e+03   1.2780000e+03   1.5370000e+03   1.8430000e+03   2.0120000e+03   2.2980000e+03
   1.4500000e+02   7.2300000e+02   8.7200000e+02   1.1940000e+03   1.2390000e+03   1.5320000e+03   1.7870000e+03   1.9530000e+03   2.2610000e+03
   1.4700000e+02   7.5600000e+02   8.8900000e+02   1.0930000e+03   1.2400000e+03   1.5480000e+03   1.8310000e+03   1.9240000e+03   2.4090000e+03
   1.4900000e+02   7.1200000e+02   8.8600000e+02   1.0720000e+03   1.1420000e+03   1.4580000e+03   1.6650000e+03   1.9100000e+03   2.2990000e+03
   1.5100000e+02   6.5100000e+02   8.3600000e+02   1.0010000e+03   1.1690000e+03   1.4530000e+03   1.7860000e+03   1.8290000e+03   2.2780000e+03
   1.5300000e+02   6.1300000e+02   8.5700000e+02   1.0230000e+03   1.1820000e+03   1.4230000e+03   1.6620000e+03   1.8730000e+03   2.1850000e+03
   1.5500000e+02   6.4800000e+02   7.9800000e+02   9.6100000e+02   1.1610000e+03   1.3540000e+03   1.6950000e+03   1.7670000e+03   2.1380000e+03
   1.5700000e+02   6.8100000e+02   7.4600000e+02   9.4900000e+02   1.1300000e+03   1.3810000e+03   1.5460000e+03   1.7890000e+03   2.0730000e+03
   1.5900000e+02   5.9300000e+02   7.4200000e+02   9.5400000e+02   1.1220000e+03   1.3090000e+03   1.5710000e+03   1.7400000e+03   2.0320000e+03
   1.6100000e+02   5.7700000e+02   7.1500000e+02   9.2000000e+02   1.1120000e+03   1.3350000e+03   1.5540000e+03   1.7700000e+03   2.1040000e+03
   1.6300000e+02   5.6900000e+02   6.9400000e+02   9.0900000e+02   1.1020000e+03   1.2470000e+03   1.4720000e+03   1.6700000e+03   2.0240000e+03
   1.6500000e+02   5.6500000e+02   7.0100000e+02   9.1100000e+02   9.9500000e+02   1.2410000e+03   1.5520000e+03   1.7250000e+03   2.0320000e+03
   1.6700000e+02   5.3100000e+02   6.4800000e+02   8.0500000e+02   9.5600000e+02   1.3110000e+03   1.4380000e+03   1.7070000e+03   1.9100000e+03
   1.6900000e+02   5.1700000e+02   6.8900000e+02   7.9900000e+02   9.9400000e+02   1.2870000e+03   1.4820000e+03   1.5100000e+03   1.8680000e+03
   1.7100000e+02   5.1700000e+02   7.1600000e+02   7.8100000e+02   9.6400000e+02   1.2340000e+03   1.3860000e+03   1.5740000e+03   1.8630000e+03
   1.7300000e+02   4.8800000e+02   6.2400000e+02   7.6900000e+02   9.2700000e+02   1.1150000e+03   1.3390000e+03   1.6180000e+03   1.8140000e+03
   1.7500000e+02   4.9300000e+02   5.9300000e+02   7.9900000e+02   9.0600000e+02   1.1250000e+03   1.3140000e+03   1.5290000e+03   1.7480000e+03
   1.7700000e+02   4.8500000e+02   5.8300000e+02   7.7800000e+02   9.0600000e+02   1.0940000e+03   1.2850000e+03   1.4190000e+03   1.7350000e+03
   1.7900000e+02   4.6000000e+02   5.8400000e+02   7.7200000e+02   9.1500000e+02   1.0420000e+03   1.2930000e+03   1.4260000e+03   1.7740000e+03
   1.8100000e+02   4.1300000e+02   5.7500000e+02   7.6500000e+02   8.8700000e+02   1.0260000e+03   1.2630000e+03   1.3910000e+03   1.6470000e+03
   1.8300000e+02   4.7000000e+02   5.5800000e+02   7.4100000e+02   8.6600000e+02   1.0410000e+03   1.2420000e+03   1.3500000e+03   1.6860000e+03
   1.8500000e+02   4.2800000e+02   5.3200000e+02   6.3100000e+02   7.9300000e+02   9.8800000e+02   1.2320000e+03   1.3280000e+03   1.6780000e+03
   1.8700000e+02   4.7200000e+02   4.9000000e+02   7.1000000e+02   7.9900000e+02   9.8900000e+02   1.1650000e+03   1.3240000e+03   1.5060000e+03
   1.8900000e+02   3.7200000e+02   4.8300000e+02   6.2100000e+02   7.6900000e+02   8.7600000e+02   1.1200000e+03   1.2820000e+03   1.5020000e+03
   1.9100000e+02   4.0100000e+02   4.6900000e+02   5.9100000e+02   7.1800000e+02   9.2400000e+02   1.0740000e+03   1.2530000e+03   1.4790000e+03
   1.9300000e+02   3.9600000e+02   4.7500000e+02   6.2700000e+02   6.8800000e+02   9.0700000e+02   1.0410000e+03   1.1890000e+03   1.4260000e+03
   1.9500000e+02   3.6000000e+02   4.2300000e+02   6.1600000e+02   7.4800000e+02   9.4500000e+02   1.0050000e+03   1.1550000e+03   1.4000000e+03
   1.9700000e+02   3.5400000e+02   4.4400000e+02   5.1900000e+02   6.5000000e+02   7.9900000e+02   1.0090000e+03   1.1590000e+03   1.3540000e+03
   1.9900000e+02   3.1000000e+02   4.2600000e+02   5.0600000e+02   6.2000000e+02   8.1200000e+02   9.8000000e+02   1.0420000e+03   1.3040000e+03
