$SPEC_ID:
No sample description was entered.
$SPEC_REM:
DET# 1
DETDESC# DESKTOP-N3QKRPJ Model 927 SN 15313107 Input 1
AP# Maestro Version 7.01
$DATE_MEA:
04/28/2022 17:07:29
$MEAS_TIM:
688 695
$DATA:
0 8191
       0
       0
       0
       0
       0
       0
       0
       0
       0
       0
       0
       0
       0
       0
       0
       0
       0
       0
       0
       0
       0
       0
       0
       0
       0
       0
       0
       0
       0
       0
       0
       0
       0
       0
       0
       0
       0
       0
       0
       0
       0
       0
       0
       0
       0
       0
       0
       0
       0
       0
       0
       0
       0
       0
       0
       0
       0
       1
       0
       0
       0
       0
       0
       1
       0
       0
       0
       0
       0
       0
       0
       0
       0
       0
       1
       1
       2
       1
       1
       1
       4
       8
       9
      15
      23
     161
    3371
    7082
    7072
    7026
    6812
    6760
    6599
    6527
    6340
    6371
    5941
    6038
    5795
    5852
    5621
    5544
    5472
    5387
    5278
    5335
    5219
    5139
    5072
    5005
    4797
    4863
    4718
    4702
    4682
    4893
    4565
    4469
    4537
    4486
    4369
    4502
    4343
    4317
    4286
    4258
    4141
    4234
    4198
    4232
    4118
    4032
    4100
    4062
    4060
    4006
    3961
    4044
    3878
    4016
    3956
    3934
    3903
    3962
    3902
    3778
    3871
    3722
    3660
    3659
    3602
    3432
    3506
    3414
    3283
    3284
    3245
    3014
    2976
    2950
    2889
    2891
    2852
    2693
    2720
    2562
    2632
    2579
    2497
    2513
    2435
    2438
    2358
    2384
    2310
    2192
    2275
    2271
    2265
    2225
    2232
    2270
    2245
    2129
    2155
    2127
    2234
    2159
    2079
    2088
    2062
    2032
    2016
    2135
    2136
    2032
    1955
    2044
    2040
    2036
    1985
    2038
    1995
    1951
    1965
    1952
    1896
    1866
    1777
    1735
    1784
    1736
    1733
    1654
    1587
    1690
    1575
    1514
    1491
    1462
    1548
    1531
    1442
    1470
    1552
    1438
    1454
    1386
    1374
    1382
    1319
    1411
    1391
    1360
    1343
    1301
    1234
    1288
    1251
    1177
    1153
    1162
    1169
    1130
    1078
    1097
    1120
    1100
    1103
    1054
     965
    1084
    1054
    1018
     983
     951
     959
     999
     964
     941
     931
     979
     950
     898
     923
     858
     881
     894
     900
     822
     942
     906
     821
     843
     906
     883
     848
     824
     798
     824
     869
     824
     798
     805
     836
     815
     796
     770
     786
     765
     760
     776
     752
     808
     755
     791
     738
     759
     768
     760
     768
     734
     782
     699
     737
     726
     724
     720
     731
     720
     752
     677
     742
     718
     640
     720
     666
     699
     674
     680
     699
     627
     670
     669
     651
     668
     658
     637
     652
     611
     665
     662
     715
     682
     651
     733
     758
     720
     735
     739
     735
     764
     781
     781
     848
     887
     877
     859
     886
     892
     934
     955
     946
     989
     970
     903
     936
     931
    1005
     978
     933
     974
     957
     984
     950
     967
     949
     942
     948
     945
     993
     994
     967
     971
     950
     920
     958
     957
     930
     903
     871
     819
     856
     798
     754
     783
     764
     741
     695
     680
     629
     639
     620
     598
     586
     551
     540
     514
     493
     511
     480
     437
     466
     458
     422
     443
     443
     400
     418
     431
     407
     411
     382
     396
     415
     348
     386
     370
     375
     414
     349
     359
     387
     358
     356
     373
     321
     368
     378
     354
     381
     335
     336
     356
     364
     336
     345
     351
     334
     309
     314
     381
     339
     338
     327
     357
     311
     345
     341
     315
     320
     341
     338
     321
     318
     336
     302
     314
     307
     291
     301
     277
     308
     279
     289
     341
     316
     323
     317
     323
     288
     283
     318
     277
     290
     310
     304
     290
     300
     296
     285
     303
     317
     302
     283
     264
     290
     306
     284
     342
     280
     298
     305
     280
     297
     283
     275
     283
     316
     304
     301
     295
     297
     275
     281
     317
     280
     322
     337
     317
     322
     351
     336
     304
     350
     354
     332
     329
     381
     330
     372
     317
     298
     364
     355
     344
     345
     351
     341
     330
     328
     338
     327
     312
     327
     284
     291
     298
     306
     285
     290
     330
     281
     272
     272
     278
     273
     266
     257
     282
     275
     247
     297
     264
     249
     265
     274
     263
     238
     282
     227
     239
     253
     260
     270
     273
     288
     269
     262
     265
     265
     257
     261
     257
     242
     223
     246
     236
     250
     237
     264
     256
     263
     261
     242
     234
     258
     268
     269
     259
     250
     289
     247
     246
     280
     261
     271
     288
     283
     241
     270
     265
     262
     276
     239
     320
     273
     273
     266
     272
     260
     278
     251
     234
     269
     265
     266
     271
     218
     240
     245
     252
     239
     236
     204
     244
     213
     182
     210
     229
     230
     213
     231
     220
     242
     215
     212
     211
     229
     213
     217
     246
     203
     234
     217
     218
     218
     214
     194
     217
     214
     233
     206
     213
     199
     212
     214
     196
     221
     192
     200
     186
     233
     228
     188
     194
     212
     198
     225
     210
     175
     237
     210
     211
     227
     214
     193
     219
     214
     226
     194
     208
     199
     221
     195
     232
     197
     207
     195
     196
     200
     217
     196
     217
     201
     213
     205
     196
     210
     202
     208
     226
     237
     228
     193
     178
     214
     211
     219
     194
     215
     208
     210
     209
     182
     213
     193
     190
     211
     227
     194
     207
     212
     181
     196
     179
     178
     201
     189
     189
     195
     196
     222
     195
     193
     181
     207
     186
     177
     200
     198
     198
     178
     175
     180
     185
     181
     185
     195
     192
     186
     159
     190
     200
     174
     189
     179
     178
     175
     190
     190
     199
     182
     192
     193
     180
     194
     204
     169
     179
     165
     182
     166
     173
     161
     169
     164
     180
     180
     188
     177
     156
     177
     178
     164
     164
     156
     166
     167
     181
     183
     189
     180
     203
     149
     170
     153
     156
     166
     193
     162
     171
     216
     169
     195
     201
     169
     163
     186
     163
     167
     185
     181
     223
     198
     176
     172
     159
     187
     154
     155
     184
     172
     187
     158
     165
     180
     170
     190
     175
     175
     190
     153
     178
     170
     164
     186
     182
     200
     157
     174
     169
     191
     173
     141
     173
     181
     157
     149
     160
     190
     176
     165
     184
     159
     168
     171
     155
     153
     152
     168
     151
     176
     166
     186
     186
     151
     162
     148
     153
     173
     157
     163
     177
     155
     177
     167
     168
     169
     156
     157
     158
     168
     189
     183
     157
     180
     161
     139
     170
     136
     168
     162
     155
     166
     143
     175
     158
     178
     158
     161
     151
     162
     145
     167
     165
     159
     151
     167
     172
     139
     158
     154
     156
     147
     134
     153
     152
     168
     137
     145
     144
     148
     149
     170
     139
     174
     170
     158
     135
     151
     149
     150
     171
     158
     151
     166
     167
     145
     170
     151
     144
     160
     156
     134
     138
     152
     137
     151
     142
     108
     159
     154
     152
     150
     142
     161
     153
     159
     135
     161
     152
     140
     142
     145
     128
     156
     137
     133
     148
     146
     147
     139
     127
     149
     126
     122
     122
     140
     146
     160
     153
     146
     141
     145
     136
     139
     128
     144
     136
     150
     147
     135
     137
     167
     132
     159
     138
     136
     156
     124
     141
     146
     147
     130
     145
     150
     155
     142
     153
     147
     160
     134
     136
     146
     157
     141
     133
     146
     164
     165
     142
     142
     159
     157
     159
     142
     150
     135
     151
     143
     147
     140
     123
     162
     124
     135
     136
     134
     149
     149
     141
     150
     140
     133
     151
     140
     128
     160
     144
     115
     132
     129
     151
     135
     138
     147
     151
     135
     138
     130
     141
     125
     131
     137
     131
     124
     159
     142
     129
     140
     121
     139
     142
     136
     130
     143
     139
     152
     130
     166
     123
     150
     134
     150
     150
     136
     134
     151
     136
     127
     130
     142
     148
     143
     145
     155
     144
     122
     158
     153
     116
     149
     156
     138
     123
     145
     116
     124
     143
     143
     121
     153
     130
     148
     120
     130
     124
     132
     136
     142
     138
     121
     132
     141
     136
     137
     130
     140
     141
     145
     126
     119
     126
     127
     120
     129
     146
     133
     115
     126
     137
     131
     141
     126
     126
     137
     134
     119
     116
     114
     117
     139
     105
     115
     120
     135
     120
     125
     121
     116
     133
     141
     119
     132
     140
     133
     127
     111
     125
     127
     118
     110
     121
     118
     119
     138
     135
     131
     127
     112
     126
     118
     123
     121
     100
     106
     123
     120
     124
     129
     114
     121
     119
     121
     111
     115
     128
     120
     123
     128
     114
     133
     138
     103
     110
     117
     110
     119
     107
     115
     104
     104
     125
     102
     105
     116
     107
     120
     103
     118
     103
     112
     104
     126
     118
     138
     117
     110
     101
      94
     115
      97
     101
      98
     120
     108
      99
     122
     105
     107
      90
     104
     108
     119
     104
     109
      99
     101
     110
      95
     108
     111
      92
     102
     109
     116
      96
     107
     106
     121
     119
     113
     110
      97
     101
      94
      95
     119
      84
     115
     112
      94
     113
     103
     121
     112
     103
     103
     123
     108
     119
     106
     122
     119
     113
     112
     111
     131
     118
     133
      95
     109
     123
      93
     107
      95
     116
      99
     105
      98
     107
     115
     101
     104
      93
     104
     103
     110
      87
     106
     113
     100
     102
      96
     111
     116
      99
     111
      90
     109
     100
     114
     103
     113
     114
      90
     101
      94
     104
     123
      94
     109
     112
      85
      97
      90
      94
      93
      84
      98
      92
      91
      85
      93
     100
      76
      95
      88
      96
      91
     107
      90
      91
      94
     113
      69
     100
      96
      90
      92
      98
      96
      67
      78
      79
      90
      95
      99
      89
      92
      86
      90
      89
      99
      93
      88
      90
      85
      95
      70
      92
      84
      90
      86
      79
      98
      90
      88
      99
      93
      86
      81
      87
     101
     108
      84
      78
      89
      77
      80
      87
      93
     100
      84
      96
      86
      90
      89
      75
      94
      81
      99
      86
      96
      81
      81
      85
      91
      93
      75
      85
      69
      86
      73
      82
      88
      80
      96
      99
      92
      85
      79
      98
      91
      80
      82
      91
      84
      99
      82
      95
      75
      84
      96
      80
      75
     100
      81
      97
      88
      85
      90
      97
      95
      89
      81
      87
      85
      99
      94
      83
      98
      85
      75
      96
      96
      86
      79
      76
     106
      84
      84
      88
      97
      84
      77
      75
     100
      96
      88
      76
      82
      98
     103
      76
      91
      82
      88
      66
      93
      87
     100
     100
     101
      64
      82
      75
      91
      88
      86
      73
      99
      77
      86
      94
      89
      85
      97
      71
      82
      78
      90
      87
      88
      86
      98
      89
      97
      78
      84
      78
      76
      87
      76
      78
      84
      84
      96
      97
      76
      81
      91
      84
      97
      83
      90
      78
     100
      97
      67
      72
      70
      61
      90
      85
      67
      88
      93
      94
      99
      84
      87
      80
      76
      81
      64
      90
      78
      84
      74
     101
      72
      95
      96
      84
      95
      90
      81
      80
      99
      75
      89
      70
      71
      91
      64
      76
      89
      75
      89
     106
      84
      77
      71
      82
      77
      73
      88
      56
      97
      92
      78
      85
      75
     105
      74
      82
      87
      83
      92
      98
      77
      91
      78
      70
      81
      84
      89
      80
     102
      85
      74
      96
      87
     106
      91
      80
      77
      78
      89
      94
      75
      95
      92
      94
      94
      85
      88
      90
      77
      82
      92
      75
      79
      88
      88
      75
      99
      81
      77
      85
      89
      82
      88
      92
      89
      75
      79
     103
      88
      83
      78
      91
      97
      97
     101
      94
      77
      63
      67
      88
      81
      85
      86
      94
      68
      92
      72
      70
      78
      86
      91
      93
      86
      83
     105
      99
      85
      90
      74
      86
      86
      86
      95
      70
      78
      92
      75
      84
      87
      74
     103
      95
      87
      78
      90
      94
      92
     102
      99
      91
     109
      96
     100
      93
      86
      84
      91
      96
      91
      80
      96
      93
      90
      99
      98
      88
      81
      84
      99
      96
      99
     104
     108
      89
     109
      77
     103
      96
     118
     107
     131
      98
     119
     131
      92
     101
     134
     102
      99
     111
     124
     111
      97
      93
      99
     109
      92
     125
     114
     107
     112
     103
     102
     112
     100
     111
     101
     109
     110
     103
      98
     105
     107
     112
     121
      96
     102
      99
     105
     118
     113
     125
     100
      94
     105
      85
     109
     108
     102
      99
      85
     106
      90
     105
      99
      95
     114
     106
     101
     121
     135
      92
     108
      99
     103
     106
      97
      77
     100
      98
      88
      96
      96
      91
      90
      90
     102
     100
      92
     102
      89
      86
      89
      85
      95
      86
      95
      85
     104
     106
      90
      97
     103
     107
      78
      90
      98
      90
     100
      91
      79
      90
      80
      84
     100
      92
      90
      87
      90
      91
     107
      91
      82
      77
      89
     103
      81
      98
      88
      84
      94
      79
      91
      77
      87
      97
      97
      95
      99
      82
      70
      88
      92
     115
      91
      77
      74
      92
      82
      92
      67
      87
     101
     101
      77
      84
      92
      84
      90
      79
      88
      87
      98
      93
      97
      78
      88
      91
      83
      87
      86
      83
      65
      90
      73
     103
      95
      82
      87
      98
     112
      88
      77
      85
      89
      91
      88
      95
      84
      81
      95
      82
      77
      79
      88
      92
     107
      92
      94
      89
      89
      88
      90
     105
      87
      84
      74
      92
      85
      88
      86
      96
      78
      69
      96
      99
      85
      91
      90
      64
      94
      78
      84
      81
      72
      88
     102
      81
     102
      76
      96
      88
      73
      91
      83
      81
      69
      96
      92
     101
      94
      93
      78
      87
      83
      84
      73
      74
      84
      71
      76
      82
      87
      73
      68
      94
      81
      99
     100
      71
      68
      92
      64
      88
      82
      84
      88
      78
      82
      81
      86
      77
      66
      72
      76
      70
      72
      71
      75
      72
      84
      66
      71
      70
      73
      59
      78
      57
      72
      72
      67
      64
      65
      71
      82
      76
      52
      62
      65
      66
      70
      78
      78
      70
      61
      69
      63
      57
      64
      56
      75
      67
      53
      60
      60
      87
      68
      68
      68
      74
      50
      69
      71
      63
      54
      60
      66
      79
      58
      72
      56
      76
      68
      58
      64
      56
      61
      66
      58
      56
      61
      64
      68
      67
      61
      49
      54
      52
      69
      58
      57
      58
      60
      66
      64
      59
      71
      64
      55
      64
      48
      56
      52
      56
      59
      50
      59
      66
      50
      49
      56
      64
      55
      52
      58
      41
      58
      45
      65
      60
      40
      50
      54
      69
      55
      59
      58
      71
      40
      46
      60
      55
      56
      54
      51
      50
      55
      50
      53
      55
      57
      42
      50
      53
      49
      54
      48
      61
      52
      47
      48
      39
      61
      44
      59
      52
      51
      49
      63
      60
      38
      42
      51
      41
      57
      42
      46
      50
      55
      59
      44
      49
      53
      52
      40
      37
      57
      51
      52
      52
      45
      51
      41
      45
      55
      39
      40
      38
      41
      56
      53
      53
      45
      43
      49
      40
      44
      42
      47
      41
      50
      45
      48
      46
      45
      47
      49
      48
      43
      43
      52
      44
      46
      45
      34
      41
      54
      47
      46
      40
      34
      45
      42
      40
      39
      56
      38
      55
      51
      49
      42
      46
      50
      49
      62
      59
      37
      57
      52
      45
      58
      56
      37
      50
      35
      33
      46
      57
      57
      47
      49
      47
      43
      57
      37
      45
      69
      43
      46
      54
      43
      45
      56
      52
      53
      62
      50
      45
      51
      50
      44
      55
      60
      55
      43
      53
      56
      40
      59
      45
      65
      31
      52
      45
      55
      50
      65
      54
      55
      47
      39
      34
      56
      44
      46
      45
      57
      34
      55
      48
      46
      52
      45
      45
      50
      59
      52
      44
      46
      60
      65
      43
      55
      42
      51
      59
      57
      49
      48
      45
      59
      47
      46
      59
      62
      59
      56
      53
      52
      41
      65
      50
      48
      55
      55
      48
      45
      44
      53
      43
      41
      45
      63
      32
      55
      55
      50
      46
      46
      49
      58
      58
      47
      50
      42
      45
      60
      46
      52
      48
      56
      50
      41
      49
      51
      44
      53
      65
      54
      49
      39
      32
      40
      53
      52
      47
      37
      52
      39
      51
      38
      40
      58
      36
      44
      53
      46
      46
      45
      54
      57
      45
      39
      49
      36
      37
      49
      58
      47
      57
      48
      36
      42
      53
      59
      46
      54
      36
      36
      55
      31
      39
      45
      38
      51
      30
      31
      49
      41
      31
      42
      41
      43
      51
      44
      48
      43
      48
      47
      32
      39
      49
      52
      35
      23
      42
      43
      38
      49
      37
      46
      59
      48
      43
      43
      42
      42
      56
      36
      57
      37
      43
      46
      39
      53
      43
      46
      43
      45
      31
      35
      29
      42
      39
      46
      32
      24
      50
      44
      36
      40
      40
      35
      36
      29
      42
      42
      33
      40
      36
      41
      47
      30
      41
      34
      52
      28
      35
      40
      34
      30
      40
      42
      34
      38
      41
      31
      44
      34
      32
      40
      40
      29
      35
      32
      27
      41
      31
      40
      38
      35
      36
      34
      30
      32
      26
      35
      35
      42
      36
      38
      20
      39
      38
      32
      26
      35
      35
      27
      35
      35
      38
      40
      34
      29
      29
      34
      34
      34
      35
      34
      31
      33
      25
      26
      26
      33
      28
      32
      30
      22
      33
      31
      22
      31
      35
      19
      48
      29
      27
      34
      34
      28
      28
      29
      35
      33
      27
      32
      27
      29
      31
      25
      27
      28
      27
      25
      23
      34
      28
      22
      23
      38
      28
      32
      25
      27
      28
      32
      37
      28
      37
      23
      30
      23
      23
      32
      26
      17
      33
      18
      18
      26
      33
      13
      21
      29
      24
      34
      23
      22
      18
      21
      28
      19
      27
      22
      16
      23
      30
      23
      25
      26
      17
      26
      25
      28
      18
      25
      24
      27
      31
      30
      20
      19
      31
      26
      39
      27
      26
      19
      18
      31
      23
      20
      20
      20
      12
      28
      29
      20
      32
      20
      23
      28
      22
      24
      28
      29
      23
      24
      29
      23
      29
      15
      28
      23
      22
      20
      20
      21
      11
      21
      16
      24
      16
      26
      26
      29
      19
      22
      19
      24
      21
      21
      30
      26
      23
      22
      28
      25
      28
      21
      25
      19
      21
      19
      25
      27
      27
      21
      20
      22
      20
      25
      22
      21
      12
      21
      26
      22
      25
      21
      26
      19
      17
      13
      19
      25
      19
      19
      17
      20
      24
      14
      16
      17
      16
      16
      20
      22
      21
      14
      25
      23
      17
      17
      19
      17
      14
      25
      15
      14
      17
      20
      10
      27
      23
      12
      17
      16
      16
      18
      19
      20
      12
      13
      15
      15
      25
      13
      11
      13
      19
      16
      14
      21
      14
      13
      11
      21
      14
      22
       9
      18
      11
      10
       8
      12
      13
      14
      10
      12
      15
      15
      11
      13
      17
      11
       6
      10
      17
      12
      12
      14
      20
      12
       7
      16
      13
      12
      14
      17
       7
      11
      15
      14
       9
      21
      15
      14
      15
      12
      13
      15
       9
      15
      10
      13
      11
       9
       9
      17
       7
      15
       9
      11
      12
       6
      12
      13
       8
      16
       7
      12
      12
       5
      19
       9
      17
       9
      14
      18
      11
      15
       9
      12
      11
      12
      11
       7
       8
       9
      13
      16
      13
      11
      12
       7
       9
      14
      14
       8
       9
       5
      17
      10
       8
       5
      12
       8
       9
      12
      12
       9
       9
       7
       9
      15
       8
       6
      12
       4
       9
       7
      10
      12
      11
      15
      11
       4
      10
      11
      12
      16
       8
       4
      11
       2
       7
      15
      10
      10
      13
       5
      12
       5
       4
      13
      11
       9
       8
       8
       9
       9
       9
      11
      13
      11
       3
      10
       9
       8
      11
      11
      10
      12
       9
       9
      10
      14
       6
       8
      10
       7
       8
      12
       9
      11
       9
      11
      12
       3
      15
       8
      10
      11
       6
       6
       5
       8
       5
      10
       8
       7
       9
       9
       6
       7
       5
       6
       6
       9
       9
       6
       7
       5
       8
      10
       6
      11
       4
       9
       5
      13
      12
      11
       5
       8
       8
       8
       8
      10
       7
       7
      12
       7
       7
      10
       8
       8
      14
       4
       5
       7
       9
       8
       6
       9
       8
       9
       8
       3
      10
      11
       3
       2
       4
       7
       5
       6
       6
       8
       8
       7
       5
       6
       6
       5
      10
       4
       8
       9
       5
       7
       9
       3
      11
      12
       3
       6
       5
       6
      11
       6
      14
       9
       4
       6
       6
       7
       7
       9
       2
       9
       8
       7
       8
      11
       5
       7
      10
       9
       8
       5
       5
      10
       7
       8
      11
       8
       5
      10
       2
       5
      10
       5
       6
       4
       7
       9
       8
       4
       8
       6
       8
       3
      12
       6
       9
       7
       3
       4
       6
      12
       5
      10
       5
       8
       8
       6
       6
      11
       5
       9
       7
       9
      10
      11
       7
       6
       9
       7
       7
       4
       4
       9
       5
       6
      11
       7
       9
       5
      11
       4
       2
      11
       7
      10
       6
       6
       8
       4
      10
       5
       7
       5
       4
       3
       7
       3
       3
       8
       9
       5
       7
       4
       7
       5
       9
       8
       7
       5
       6
       5
       7
       5
       8
       8
       9
       5
       3
       1
       5
       3
       9
       4
       5
       4
       9
       4
       6
       3
       8
       7
       4
       6
       3
       3
       5
       5
      11
       3
       4
       3
       3
       7
       4
       8
      11
       4
      10
       4
       6
       6
       6
       4
       7
       3
       7
       5
       7
      11
       3
       9
       3
       8
       3
       8
       6
       7
       6
      10
       3
       4
       8
       4
       5
       5
       9
       2
       5
       3
       7
       6
       6
       8
       8
       9
       5
       5
      14
       8
       8
       7
       7
       4
       7
       9
       2
      10
       9
      12
       6
      10
       7
       5
       7
      10
       5
       5
       3
       4
      14
       2
      10
       3
       7
       8
       9
       5
       3
       4
       8
       8
       6
       8
       5
       5
       6
       4
      12
       6
       4
       5
       6
       4
       8
       3
       4
       7
       5
      10
       8
       5
       5
       8
       3
       5
       5
       3
       6
       6
       5
       4
       3
       7
       4
       9
       4
       5
       9
      11
       4
       6
       6
       8
       9
      11
       6
       8
       5
       3
       3
       2
       3
       9
       3
      11
       8
      10
       4
       4
       9
       4
       2
       4
       8
       9
       3
       4
       7
       5
       7
       4
       5
      11
       7
       5
       8
       8
       8
       2
       5
       8
       5
       8
       8
       6
       6
       9
       9
       6
       6
       9
       6
       7
       7
       5
       4
       6
      11
       5
      12
       8
       4
      10
       2
       6
       2
       6
       5
       8
       3
       5
      10
       5
       7
       2
       3
       5
       5
       2
       2
       6
       7
       8
       6
       4
       7
       3
       5
       6
       5
       6
       8
       2
       7
      10
      13
       6
       7
       2
       4
       5
       7
       4
       5
       7
       4
       4
       8
       5
      10
       5
       6
       4
       6
       4
       3
       6
      11
       8
       9
       6
       5
       3
       6
       5
       5
       7
       3
       6
       4
       3
       3
       5
       5
       7
       2
       5
       3
      11
       8
       3
       6
       3
       2
      10
      10
       8
       3
       8
       4
       4
       8
       4
       5
       8
       6
       2
       8
       5
       9
       4
       6
       5
       8
       5
       6
       5
      10
      10
       4
       1
       6
       5
       2
       4
       4
       4
       8
       4
       5
       5
       3
       8
       6
       5
       1
       0
       7
       4
       3
       4
       9
       9
       1
       3
       6
       6
       3
       7
       7
       5
       9
       9
       7
       2
      10
       5
       4
       4
       6
       6
       3
       7
       8
       8
       6
       4
       7
       9
       6
       9
       7
       5
      10
       4
       4
      13
       4
      10
       2
       6
      14
       7
       6
       7
       4
       6
       4
       6
      10
       7
       3
       7
       5
       9
       6
       7
       7
       7
       7
       5
       3
       5
       8
       4
       3
       5
       4
       4
       7
       6
       6
       6
       7
       5
       3
       6
       5
       3
      10
       2
       3
       8
       5
       5
       8
       3
       4
       5
       4
       5
       4
       8
       7
       6
       5
       3
       3
       8
       7
      14
       4
       8
       7
       1
       5
       4
       6
       7
       5
       5
       7
       4
       4
       5
       6
       3
       9
       4
       1
       4
      15
       7
       7
       5
       4
      10
       4
      12
       8
      12
       5
       6
       6
       8
       7
       4
       7
       6
       5
      12
       3
       4
       5
       5
       7
      10
       6
       6
       8
       5
       4
       5
       4
       5
       4
      11
       6
       8
       5
       8
       8
       7
       7
       3
       8
       8
       4
       2
       5
       6
       3
       8
       4
      10
       6
       7
       9
       6
       6
       6
       4
      12
       5
       5
       6
       4
       4
       9
       6
       8
       3
       5
       5
       5
       6
       8
       9
       2
       3
       5
       7
       3
       6
       6
       2
       9
       9
       5
       8
       4
       8
       5
       6
       7
       6
       7
       6
      10
       7
       3
       5
       3
       9
       4
       3
       7
       7
       9
       6
       5
       7
       8
       6
       7
       8
       6
       8
       8
       6
       9
       4
       8
       3
       6
       5
       8
       3
      10
       7
       6
       5
       4
       9
       5
       9
       6
       8
       8
       6
       4
       6
       6
       4
       9
       9
       2
       5
       7
       6
      11
       6
       6
       7
       7
       6
       5
       6
      10
       5
       3
       6
      12
      10
       4
       9
       4
       5
       3
       4
       5
       2
       9
       3
      10
       3
       8
       9
       5
      14
       6
       7
       5
       5
       6
       8
       4
       4
       7
       5
       3
       5
       5
       5
       2
       7
       6
       8
       5
       7
       5
       8
      10
       8
       9
       7
       6
       8
       4
       4
       6
       8
       3
       7
       8
       8
       9
       6
       9
       7
       5
       8
       7
       8
       8
       3
       8
       6
       9
       3
       9
       9
       4
      10
       5
       8
       7
       6
       6
       9
       3
       6
       3
       8
       7
       7
       5
       2
       7
       9
       7
       4
       9
       5
       5
       3
      11
       3
       7
       8
       6
       5
      10
       9
      11
      10
       7
       6
       2
       5
       4
       8
       3
       5
       7
       5
      11
       8
       7
       7
       7
       8
       3
       9
       4
       4
       5
       8
       6
       7
       2
       7
       5
       7
       9
       9
      10
       6
      12
       7
      13
       7
       8
       7
       4
       9
       4
       8
       7
       4
       2
       7
       3
       9
       8
       4
       3
       4
      13
      10
       9
       2
       6
       6
       6
       6
       4
       6
       9
       3
       6
       3
      10
      10
       9
      10
      11
       8
      11
       9
       6
      12
       2
       8
       8
       6
       5
       8
       5
      13
       7
       4
       6
       8
       7
       8
       0
       8
       7
      10
      13
       6
       7
       7
       4
       9
       6
      10
       6
       9
      12
       4
       9
       4
       9
       8
       6
       5
       9
       8
       7
       9
      10
       7
      10
       6
      12
       5
      10
       7
       8
       3
       8
       4
       2
       7
       8
      11
       8
       4
      10
       8
       3
       4
       7
       7
       5
       9
       9
       4
       6
       5
       6
       6
       9
       9
       5
      12
       8
       6
       6
       7
       7
      10
       4
      10
       7
      12
       5
       8
       5
       5
       5
       9
       5
      11
       6
      10
       5
       8
      10
      13
       6
       7
      14
       3
       8
       9
       7
       8
      13
       7
       5
       3
       9
       5
       5
       9
      10
       7
       7
       6
       6
      10
      12
       7
       9
      10
      12
       9
       8
      14
      10
       2
      10
       7
       7
       9
       3
       4
       3
       6
      10
       7
       8
       9
       9
      11
       6
       8
       8
       7
       2
       3
       8
       6
      13
       7
       6
       8
       6
       8
       9
       8
       9
      10
       8
       5
      10
       5
       5
       9
       8
       5
       7
       6
      14
       4
       5
       5
       1
       6
       5
       8
       3
       3
       6
       7
       6
      11
       7
       6
       9
       5
      10
      12
       8
       2
       5
       8
       8
       8
       7
       8
       6
       6
       6
       8
       9
      10
      11
       9
      12
       7
       4
       4
       6
       8
       9
       5
       5
       8
       7
       7
       9
      10
       5
      12
       3
       7
       7
       7
       7
       7
       8
       3
       4
       6
       6
      11
       4
       8
       5
       5
       4
       8
       3
      13
       5
       6
      12
      11
      12
       7
      10
       5
      10
      10
       6
       9
       7
       7
       4
       9
       6
       9
       4
       5
      14
       9
       6
       7
       2
       6
      10
       4
      10
       8
       8
       7
       7
       6
       7
       8
       9
       5
       4
       6
       5
       6
       5
       6
       9
       8
       8
       7
      11
      12
       3
      10
       7
       4
      11
       5
       6
       8
       7
       7
       9
       9
      10
       7
      10
       4
      10
       5
       8
       5
       4
       6
      11
       3
      10
      11
       9
      10
       6
       7
       8
       7
      11
      12
       4
      10
       5
       8
       5
       3
       5
       4
      10
       6
      10
      12
       7
       5
      10
       1
      13
       8
      12
      11
       7
       7
       7
       7
       3
       6
       4
      12
       1
      11
       6
      10
       7
       8
      12
       9
       6
       4
       9
      14
      10
       6
       5
       9
       4
      10
       6
       8
       7
       6
       9
      14
       6
      11
       8
       6
      11
      10
       5
       5
       7
      10
       9
      10
       9
       6
       8
       5
       9
      13
       7
       9
       5
       7
      12
       7
       4
       9
       8
      12
      11
       4
       8
       9
       4
       9
      10
       7
       6
       4
       7
      10
       6
       5
       6
      10
      11
      11
      10
      10
       7
       5
       4
       7
       7
       3
      14
      10
       9
       8
       9
      12
       5
       6
      13
      12
       7
       7
      11
       6
       6
       6
       7
       8
       9
      10
       6
       9
       4
       5
       5
       8
      10
       7
      13
       6
       8
       9
      12
       9
      13
       5
      13
       9
      10
      12
       8
       8
      10
       6
       8
      11
       3
       5
       8
       9
      10
       7
       6
      11
       7
       5
       7
       6
      10
       4
      12
       9
      10
      10
       7
       6
      12
      12
       8
       5
      11
      11
       9
       4
       4
       5
      12
      10
       3
       9
       9
       5
       7
       7
       9
       7
      12
       9
       9
      11
       5
       7
       8
       6
       7
       7
       6
      11
      10
      10
       8
       0
      12
       7
       7
       3
       9
       8
       5
       9
      13
       7
      10
      14
      12
       4
       2
      11
      10
       5
       8
       9
       6
      11
      18
      11
      11
       4
       4
       8
       8
       6
       7
       7
       6
       9
       6
      14
       9
       5
      13
       3
       5
      11
      10
       6
       8
       7
       6
       8
       6
       9
       6
      10
       8
      11
       7
       7
       6
      11
      11
       5
      13
      13
       6
      13
      10
      10
       5
       8
      11
      13
       2
      10
       5
      10
      10
       9
       8
       6
       6
      13
      11
       8
      10
       9
       7
       9
       7
       8
       6
       9
       4
       9
      10
       6
       7
      12
      11
      11
       3
      14
      10
      17
       5
       8
      10
       5
       8
       6
       7
      18
       8
       7
      12
       7
      12
       9
      13
       9
       7
      17
      12
       8
      11
      11
      11
      13
       6
       9
       7
       4
       7
       7
       7
      17
      11
      10
       6
       9
      15
       8
       9
       9
      12
       8
      11
       7
       8
       6
       6
      10
       4
       6
       9
       8
       7
      11
       7
      15
       5
      12
       7
      13
       9
      11
      10
      12
       7
       5
       5
      11
       5
      10
       6
       9
       5
       9
      19
      17
      12
       9
      11
       7
      10
       5
      12
      13
       7
      11
       8
      12
      12
      10
      10
      10
      14
      11
      11
      16
      13
      13
      11
       5
       9
       5
      12
      12
      11
      11
      10
      10
       8
       6
      17
       8
      10
       8
       4
       9
      13
      14
      10
       8
      11
       9
      10
      15
      13
       5
      10
      12
      12
       6
      17
       9
       9
      13
      12
      15
      12
      10
      14
      11
      10
      13
      10
      16
      12
      11
       9
      15
      12
      18
       5
      11
      16
      11
      10
      14
      11
       6
      12
      17
      10
      17
      13
      14
       7
      18
      15
       5
       4
      13
      14
      10
      11
       6
       5
      19
       6
      17
      14
      13
      15
      12
      10
      14
       9
      14
      21
      11
      14
      10
       6
      10
      10
      11
      11
      16
      10
      22
       9
      15
      12
      14
       7
      10
      15
      12
      17
      10
       4
       8
       8
      17
      16
      11
       6
      15
      16
      10
      13
       9
      10
      12
       7
      11
      13
      13
       9
       9
       9
      19
      12
       7
      14
      13
      12
      10
      11
       9
      16
       9
       7
      10
      16
      16
      12
      17
      12
      11
      10
       7
      12
       9
       9
       6
      16
      12
       9
      14
      13
      17
      15
      14
      13
       8
      10
       8
       7
      19
      15
      10
      19
      12
      12
      11
      17
       8
      12
      16
       8
       7
      11
      13
      21
      16
      11
      11
      26
      14
      20
      16
      13
      17
      10
       7
      11
      16
       8
      12
      17
       5
      10
      12
      17
      15
       5
      13
      11
      14
      21
      12
      22
      22
      16
       7
      10
      12
       8
      14
      13
      14
      12
      14
      11
       8
      13
      11
      14
       8
      12
      14
      12
       9
      16
      11
      14
      22
      19
      15
      12
       9
      14
      13
      14
      16
      20
      18
       6
      11
      12
      12
      11
      19
      13
      12
      14
      16
      13
      12
      13
      11
      15
      13
      11
      13
      14
      15
      11
      15
      11
      15
      10
      15
      17
      14
      16
      15
      12
      12
       7
      18
      21
      16
      16
      13
      11
      14
       8
      11
      11
      13
      11
      11
      12
       9
      16
       9
      14
      13
       7
       8
       8
      12
      14
      14
      10
      14
      17
      17
      16
      14
      13
      21
       7
       7
      13
      22
      13
      12
      14
      15
      19
      12
       6
      12
      14
      13
      15
      11
       8
      13
      16
      11
      18
      16
      17
      16
      17
      17
      19
      15
      16
      11
       6
      12
      15
      10
       9
      13
      17
      12
      23
      12
      17
      17
      15
      17
      15
      11
      14
       9
      12
      11
      20
      14
      19
       6
      18
      19
      14
      20
      17
      18
      16
      14
      13
      17
      17
       7
      14
       8
      12
      21
      18
      10
      12
      11
      15
      14
      17
      20
      18
      12
      17
       5
      10
      18
      16
      16
      15
      13
      17
      13
      13
       9
      11
      29
      16
      17
      18
      10
      19
      13
      19
      14
      19
      16
      19
      14
      19
      19
      22
      15
      15
      19
      15
      16
       8
      18
      18
      14
      12
      15
      18
      12
      18
      16
      11
      12
      14
      12
      21
      14
      15
      13
      12
      12
      18
      14
      20
      20
      12
      16
      11
      16
      19
      19
      20
      10
      20
       7
       8
      14
      10
      24
      23
      20
      10
      21
      14
      22
      18
      18
      16
      15
      12
      18
      13
      13
      21
      22
      19
      15
      13
      18
      18
      15
      12
      18
      16
       9
      16
      19
      17
       8
      24
      18
      17
      17
      18
      19
      12
      17
      22
      15
      20
      17
      12
      17
      16
      14
      14
      12
      18
      18
      16
      16
      12
      11
      15
      16
      19
      13
      11
      16
      13
      22
      12
      19
      10
      15
      16
      14
      14
      18
      21
      15
      13
      17
      17
      17
      25
      17
      10
      12
      21
      22
      19
      14
      14
      21
      10
      16
      13
      17
      19
      17
      19
      24
      18
       8
      24
      13
      20
      23
      15
      23
      18
      16
      24
      14
      14
      23
      15
      19
      11
      16
      13
      17
      18
      16
      13
      19
      21
      18
      17
      19
      16
      17
      19
      13
      20
      23
      15
      19
      14
      15
      11
      16
      17
      15
      11
      14
      15
      14
      13
      18
      17
      18
      14
      16
       9
      13
      18
      27
      12
      17
      19
      19
      18
      15
      16
      24
      19
      16
      17
      19
      31
      20
      25
      18
      26
      17
      15
      18
       9
      25
      17
      25
      19
      19
      21
      22
      17
      25
      19
      15
      18
      17
      15
      15
      15
      17
      12
      22
      15
      25
      14
      24
      20
      13
      27
      18
      19
      19
      10
      20
      18
      24
      22
      18
      22
      15
      25
      15
      21
      11
      25
      21
      24
      19
      14
      26
      22
      17
      18
      18
      19
      19
      25
      18
      32
      24
      18
      21
      17
      21
      19
      19
      24
      20
      29
      18
      21
      20
      25
      17
      20
      20
      24
      12
      23
      23
      23
      23
      16
      17
      11
      18
      20
      14
      20
      22
      17
      12
      21
      19
      20
      16
      17
      22
      22
      19
      21
      18
      17
      25
      21
      22
      20
      21
      27
      14
      20
      19
      24
      26
      10
      17
      21
      24
      18
      24
      21
      14
      12
      24
      16
      16
      20
      22
      20
      20
      21
      18
      19
      29
      24
      22
      20
      18
      15
      29
      14
      18
      22
      26
      14
      23
      26
      16
      19
      20
      17
      21
      28
      20
      20
      16
      25
      19
      18
      25
      18
      15
      17
      22
      17
      22
      32
      23
      25
      19
      25
      23
      22
      30
      14
      26
      18
      15
      17
      20
      22
      25
      21
      21
      26
      25
      23
      15
      17
      27
      23
      30
      19
      21
      24
      18
      18
      16
      20
      19
      13
      23
      26
      22
      16
      26
      21
      26
      28
      15
      15
      22
      19
      22
      24
      24
      16
      18
      22
      23
      18
      28
      21
      20
      27
      16
      27
      23
      15
      27
      21
      24
      17
      22
      23
      24
      14
      23
      16
      12
      18
      18
      19
      15
      20
      18
      23
      20
      22
      29
      16
      22
      27
      14
      21
      25
      24
      19
      21
      25
      21
      26
      20
      17
      18
      17
      22
      30
      21
      26
      29
      32
      24
      26
      21
      24
      16
      21
      24
      24
      20
      24
      28
      18
      20
      24
      30
      20
      25
      24
      21
      25
      26
      27
      33
      30
      15
      20
      22
      20
      24
      25
      25
      36
      23
      23
      26
      21
      29
      22
      21
      19
      14
      21
      22
      18
      22
      24
      23
      19
      23
      16
      17
      25
      21
      16
      36
      25
      19
      26
      26
      31
      22
      16
      23
      20
      19
      23
      21
      16
      25
      25
      26
      16
      23
      25
      24
      25
      24
      25
      21
      19
      23
      22
      19
      14
      29
      25
      33
      18
      24
      18
      12
      30
      31
      16
      26
      27
      24
      26
      20
      27
      20
      13
      21
      13
      27
      23
      17
      27
      29
      24
      22
      23
      31
      22
      18
      15
      15
      23
      17
      27
      26
      23
      19
      21
      20
      21
      19
      23
      12
      28
      20
      22
      26
      23
      37
      32
      23
      34
      20
      32
      28
      26
      23
      18
      22
      25
      21
      34
      25
      17
      26
      20
      22
      33
      21
      24
      26
      23
      28
      18
      16
      22
      20
      24
      23
      24
      13
      18
      18
      29
      16
      13
      31
      26
      21
      38
      26
      19
      20
      18
      25
      20
      32
      22
      16
      22
      30
      33
      19
      25
      23
      23
      25
      11
      12
      20
      17
      17
      21
      23
      17
      33
      29
      25
      17
      23
      22
      15
      22
      27
      24
      21
      28
      21
      21
      22
      11
      21
      26
      20
      24
      34
      18
      18
      27
      21
      25
      30
      33
      24
      31
      23
      22
      27
      25
      22
      27
      24
      25
      22
      33
      27
      23
      26
      16
      19
      28
      23
      27
      21
      18
      23
      28
      22
      20
      26
      12
      17
      12
      34
      26
      22
      25
      17
      31
      21
      20
      21
      19
      19
      15
      21
      29
      19
      27
      24
      17
      20
      30
      25
      25
      28
      27
      26
      21
      19
      25
      19
      24
      24
      21
      24
      17
      27
      16
      28
      18
      19
      24
      25
      21
      20
      21
      19
      24
      19
      19
      27
      22
      23
      30
      24
      28
      20
      18
      28
      21
      23
      18
      18
      33
      20
      23
      21
      18
      23
      29
      23
      18
      28
      23
      20
      19
      13
      18
      26
      25
      32
      21
      19
      13
      21
      23
      14
      25
      22
      23
      22
      19
      23
      23
      31
      34
      17
      21
      18
      22
      23
      21
      23
      25
      25
      21
      16
      23
      20
      24
      28
      25
      23
      22
      31
      20
      24
      25
      28
      19
      23
      26
      16
      19
      22
      28
      18
      22
      30
      27
      23
      22
      24
      21
      24
      24
      26
      21
      21
      22
      22
      18
      27
      24
      25
      22
      33
      17
      23
      21
      22
      21
      17
      25
      23
      23
      18
      19
      27
      21
      16
      28
      26
      19
      23
      27
      19
      28
      19
      19
      27
      13
      14
      28
      17
      21
      30
      19
      21
      15
      21
      20
      21
      31
      20
      34
      21
      19
      11
      26
      27
      27
      26
      20
      25
      27
      21
      26
      22
      16
      21
      19
      31
      21
      21
      25
      33
      21
      22
      22
      15
      23
      20
      18
      24
      17
      22
      24
      12
      21
      29
      25
      23
      28
      22
      23
      24
      19
      27
      16
      17
      16
      30
      15
      34
      16
      27
      15
      16
      21
      23
      27
      24
      17
      17
      19
      23
      19
      21
      17
      15
      21
      30
      12
      26
      22
      16
      16
      25
      15
      22
      25
      22
      18
      19
      25
      19
      26
      15
      23
      21
      10
      16
      21
      22
      23
      23
      21
      24
      29
      28
      25
      17
      20
      17
      21
      21
      18
      25
      21
      19
      15
      12
      19
      19
      25
      28
      23
      22
      19
      20
      24
      24
      25
      23
      17
      14
      21
      19
      23
      26
      17
      17
      22
      20
      20
      16
      27
      12
      13
      20
      19
      14
      18
      21
      21
      18
      18
      23
      25
      16
      27
      17
      20
      25
      20
      22
      25
      17
      26
      21
      16
      25
      19
      23
      23
      16
      22
      20
      16
      21
      24
      18
      16
      13
      19
      27
      21
      29
      15
      19
      22
      24
      19
      20
      22
      22
      16
      22
      21
      26
      10
      21
      22
      24
      22
      22
      20
      13
      15
      16
      29
      20
      24
      15
      23
      19
      17
      16
      17
      18
      19
      19
      27
      14
      20
      29
      19
      16
      20
      18
      22
      22
      16
      18
      20
      17
      15
      20
      20
      17
      18
      20
      20
      16
      24
      21
       5
      27
      20
      23
      21
       9
      19
      10
      17
      14
      15
      15
      14
      22
      16
      14
      23
      25
      17
      20
      17
      18
      18
      14
      21
      18
      17
      16
      22
      24
      31
      16
      27
      20
      17
      23
      28
      16
      17
      31
      21
      16
      18
      18
      17
      23
      19
      16
      16
      21
      16
      16
      23
      14
      22
      20
      19
      25
      25
      16
      17
      15
      25
      20
      20
      16
      19
      19
      16
      20
      20
      15
      16
      11
      18
      21
      24
      20
      13
      15
      18
      15
      14
      18
      20
      17
      16
      22
      20
      15
      15
      18
      13
      12
      21
      15
      14
      13
      18
      21
      17
      19
      21
      11
      18
      16
      24
      13
      21
      16
      21
      13
      19
      13
      24
      22
      16
      17
      11
      17
      12
      16
      21
      21
      18
      12
      29
      18
      10
      14
      16
      14
      16
      19
      26
      18
      21
      18
      17
      22
      22
      14
      15
      19
      22
      13
      14
       8
      17
      13
      17
      19
      19
      20
      14
      16
      11
      19
      18
      17
      18
      18
      24
      19
      27
      14
      12
      13
      18
      11
      12
      11
       8
      12
      15
      19
      14
      13
       6
       9
      22
      13
       8
      18
      14
      14
      11
       7
       8
      10
      13
      17
      13
      11
      17
      16
      10
       8
       9
      11
      10
      13
       4
      13
      16
       7
       9
      12
       9
       7
      12
      14
      12
       9
       5
      10
       7
      10
       8
       9
      16
       6
       6
       4
       9
       7
       8
       3
       6
       7
      10
      11
       8
       4
       9
       5
      11
      10
       6
       8
       6
       6
       7
      10
       7
       7
       4
       7
       8
       4
       6
       8
       1
       6
       5
       5
       7
       9
       9
       7
       7
       4
       7
       5
      10
       3
       9
       6
       5
       5
       5
       7
       7
       4
       3
       6
       9
       5
       6
       3
       4
      10
       9
       7
       5
       8
       2
       6
       6
       6
       7
       7
       3
       9
       4
       8
       8
       2
       1
       5
       5
       4
       5
       6
       2
       6
       6
       6
       3
       8
       2
       9
       2
       4
       6
       5
       3
       6
       2
       3
       4
       5
       5
       1
       8
       4
       3
       4
       3
       5
       4
       3
       3
       6
       7
       2
       3
       1
       8
       2
       3
       5
       1
       3
       4
       1
       5
       2
       5
       8
       4
       4
       3
       3
       6
       1
       4
       1
       3
       3
       2
       5
       5
       3
       8
       6
       3
       3
       3
       1
       4
       1
       2
       3
       3
       3
       5
       6
       2
       4
       4
       4
       1
       2
       1
       2
       5
       1
       3
       3
       4
       1
       2
       1
       2
       3
       5
       3
       3
       2
       2
       1
       1
       1
       2
       2
       5
       3
       6
       2
       7
       1
       2
       3
       1
       2
       1
       2
       1
       4
       4
       2
       2
       5
       2
       2
       2
       1
       0
       3
       0
       2
       2
       2
       4
       1
       3
       2
       0
       1
       2
       2
       2
       3
       2
       2
       0
       1
       2
       1
       0
       1
       1
       0
       2
       2
       1
       2
       0
       1
       3
       0
       0
       0
       4
       1
       1
       1
       1
       2
       1
       1
       4
       2
       0
       1
       2
       1
       0
       1
       1
       2
       3
       1
       4
       3
       2
       3
       2
       1
       1
       3
       2
       1
       1
       1
       2
       1
       1
       0
       1
       1
       1
       2
       2
       1
       0
       0
       0
       0
       2
       2
       2
       4
       0
       2
       0
       3
       2
       3
       2
       1
       1
       0
       1
       0
       1
       0
       0
       1
       0
       0
       0
       0
       1
       2
       0
       0
       0
       2
       0
       0
       1
       4
       1
       0
       1
       2
       1
       2
       1
       1
       0
       1
       0
       1
       0
       2
       1
       2
       0
       0
       0
       0
       0
       0
       0
       0
       2
       0
       1
       0
       1
       0
       0
       0
       0
       0
       2
       0
       0
       1
       0
       0
       0
       1
       1
       1
       1
       2
       0
       0
       2
       0
       0
       0
       0
       0
       0
       0
       0
       0
       1
       0
       0
       1
       0
       0
       0
       0
       2
       1
       0
       0
       2
       0
       2
       1
       0
       0
       0
       0
       1
       0
       0
       1
       0
       0
       0
       1
       0
       0
       1
       1
       1
       0
       0
       2
       0
       0
       1
       0
       0
       0
       0
       0
       0
       0
       0
       0
       1
       1
       0
       0
       0
       0
       0
       0
       0
       0
       0
       1
       0
       0
       0
       0
       0
       0
       0
       0
       0
       0
       0
       0
       1
       0
       0
       1
       0
       0
       0
       0
       0
       0
       0
       0
       2
       0
       0
       0
       0
       0
       0
       2
       0
       0
       0
       0
       0
       0
       1
       0
       0
       0
       0
       0
       0
       0
       0
       0
       0
       0
       0
       0
       0
       0
       0
       0
       0
       1
       0
       0
       0
       0
       0
       0
       0
       0
       0
       0
       0
       0
       1
       1
       0
       0
       0
       0
       0
       0
       0
       2
       0
       0
       0
       0
       1
       0
       0
       0
       0
       0
       0
       0
       0
       0
       0
       0
       0
       0
       0
       0
       0
       0
       0
       0
       0
       0
       0
       2
       0
       0
       0
       0
       1
       0
       2
       0
       0
       0
       1
       0
       0
       0
       0
       0
       0
       0
       1
       0
       1
       0
       0
       1
       0
       1
       0
       0
       0
       0
       1
       0
       0
       0
       0
       0
       0
       0
       0
       0
       0
       0
       1
       0
       0
       0
       0
       0
       0
       0
       1
       0
       0
       0
       0
       0
       0
       0
       0
       1
       0
       0
       0
       0
       0
       1
       0
       0
       0
       1
       0
       0
       0
       0
       0
       0
       1
       0
       0
       0
       0
       0
       1
       0
       0
       0
       0
       0
       0
       0
       1
       0
       0
       0
       0
       0
       0
       0
       0
       0
       0
       0
       0
       0
       0
       0
       0
       0
       0
       0
       0
       0
       0
       0
       0
       0
       0
       0
       0
       0
       0
       0
       0
       0
       0
       0
       0
       0
       0
       0
       0
       0
       0
       0
       0
       0
       0
       0
       0
       0
       0
       0
       0
       0
       0
       0
       0
       0
       0
       0
       0
       0
       0
       0
       0
       0
       0
       0
       0
       0
       0
       0
       0
       0
       0
       0
       0
       0
       0
       0
       0
       0
       0
       0
       0
       0
       0
       0
       0
       0
       0
       0
       0
       0
       0
       0
       0
       0
       0
       0
       0
       1
       0
       0
       0
       0
       0
       1
       0
       0
       0
       0
       0
       0
       0
       0
       0
       0
       0
       0
       0
       0
       0
       0
       0
       0
       0
       0
       0
       0
       0
       0
       0
       0
       0
       0
       0
       0
       0
       1
       0
       0
       0
       0
       0
       0
       1
       0
       0
       0
       0
       0
       0
       0
       0
       0
       0
       0
       0
       0
       0
       0
       0
       0
       0
       0
       0
       0
       0
       0
       0
       0
       0
       0
       0
       0
       1
       0
       0
       0
       0
       0
       0
       0
       0
       0
       0
       0
       1
       0
       0
       0
       0
       0
       0
       0
       0
       0
       0
       0
       0
       0
       0
       0
       0
       0
       0
       0
       0
       0
       0
       0
       0
       0
       0
       0
       0
       0
       0
       0
       0
       0
       0
       0
       0
       0
       0
       1
       0
       0
       0
       0
       0
       0
       0
       0
       0
       0
       0
       0
       0
       0
       0
       0
       0
       0
       0
       0
       0
       0
       0
       0
       0
       0
       0
       0
       0
       0
       0
       0
       0
       0
       0
       0
       0
       0
       0
       0
       0
       0
       0
       0
       0
       1
       0
       0
       0
       0
       0
       1
       0
       0
       0
       0
       0
       0
       0
       0
       1
       0
       0
       0
       0
       0
       0
       0
       0
       0
       0
       0
       0
       0
       0
       0
       0
       0
       0
       0
       0
       0
       0
       0
       0
       0
       0
       0
       0
       0
       0
       0
       0
       0
       0
       0
       0
       0
       0
       0
       0
       0
       0
       0
       0
       0
       0
       0
       0
       0
       0
       0
       0
       0
       0
       0
       0
       0
       0
       0
       0
       1
       0
       0
       0
       0
       0
       0
       0
       0
       1
       0
       0
       0
       0
       0
       0
       0
       0
       0
       0
       0
       0
       0
       0
       0
       0
       0
       0
       0
       0
       0
       0
       0
       0
       0
       0
       0
       0
       0
       0
       0
       0
       0
       0
       0
       0
       0
       0
       0
       0
       0
       0
       0
       0
       0
       0
       0
       0
       0
       0
       0
       0
       0
       0
       0
       0
       0
       0
       0
       0
       0
       0
       0
       0
       0
       0
       0
       0
       0
       0
       0
       0
       0
       0
       0
       0
       0
       0
       0
       0
       0
       0
       0
       0
       0
       0
       0
       0
       0
       0
       0
       0
       0
       0
       0
       0
       0
       0
       0
       0
       0
       0
       0
       0
       0
       0
       0
       0
       0
       0
       0
       0
       0
       0
       0
       0
       0
       0
       0
       0
       0
       0
       0
       0
       0
       0
       0
       1
       0
       0
       0
       0
       0
       0
       0
       0
       0
       0
       0
       0
       0
       0
       0
       0
       0
       0
       0
       0
       0
       0
       0
       0
       0
       0
       0
       0
       0
       0
       0
       0
       0
       0
       0
       0
       0
       0
       0
       0
       0
       0
       0
       0
       0
       0
       0
       0
       0
       0
       0
       0
       0
       0
       0
       0
       0
       0
       0
       0
       0
       0
       0
       0
       0
       0
       0
       0
       0
       0
       1
       0
       0
       0
       0
       0
       0
       0
       0
       0
       0
       0
       0
       0
       0
       0
       0
       0
       0
       0
       0
       0
       0
       0
       0
       0
       0
       0
       0
       0
       0
       0
       0
       0
       0
       0
       0
       0
       0
       0
       0
       0
       0
       0
       0
       0
       0
       0
       0
       0
       0
       0
       0
       0
       0
       0
       0
       0
       0
       0
       0
       0
       0
       0
       0
       0
       0
       0
       0
       1
       0
       0
       0
       0
       0
       0
       0
       0
       0
       0
       0
       0
       0
       0
       0
       0
       0
       0
       0
       0
       0
       0
       0
       0
       0
       0
       0
       0
       0
       0
       0
       0
       0
       0
       0
       0
       0
       0
       0
       0
       0
       0
       0
       0
       0
       0
       0
       0
       0
       0
       0
       0
       0
       0
       0
       0
       0
       0
       0
       0
       0
       0
       0
       0
       0
       0
       0
       0
       0
       0
       0
       0
       0
       0
       0
       0
       0
       0
       0
       0
       0
       0
       0
       0
       0
       0
       0
       0
       0
       0
       1
       0
       0
       0
       0
       0
       0
       0
       0
       0
       0
       0
       0
       0
       0
       0
       0
       0
       0
       0
       0
       0
       0
       0
       0
       0
       0
       0
       0
       0
       0
       0
       0
       0
       0
       0
       0
       0
       0
       0
       0
       0
       0
       0
       0
       0
       0
       0
       0
       0
       0
       0
       0
       0
       0
       0
       0
       1
       0
       0
       0
       0
       0
       0
       0
       0
       0
       0
       0
       0
       0
       0
       0
       0
       0
       0
       0
       1
       0
       0
       0
       0
       0
       0
       0
       0
       0
       0
       0
       0
       0
       0
       0
       0
       0
       0
       0
       0
       0
       0
       0
       0
       0
       0
       0
       0
       0
       0
       0
       0
       0
       0
       0
       0
       0
       0
       0
       0
       0
       0
       0
       0
       0
       0
       0
       0
       0
       0
       0
       0
       0
       0
       0
       0
       0
       0
       0
       0
       0
       0
       0
       0
       0
       0
       0
       0
       0
       0
       0
       0
       0
       0
       0
       0
       0
       0
       0
       0
       0
       0
       0
       0
       0
       0
       0
       0
       0
       0
       0
       0
       0
       0
       0
       0
       0
       0
       0
       0
       0
       0
       0
       0
       0
       0
       0
       0
       0
       0
       0
       0
       0
       0
       0
       0
       0
       0
       0
       0
       0
       0
       0
       0
       0
       0
       0
       0
       0
       0
       0
       0
       0
       0
       0
       0
       0
       0
       0
       0
       0
       0
       0
       0
       0
       0
       0
       0
       0
       0
       0
       0
       0
       0
       0
       0
       0
       0
       0
       0
       0
       0
       0
       0
       0
       0
       0
       0
       0
       0
       0
       0
       0
       0
       0
       0
       0
       0
       0
       0
       0
       0
       0
       0
       0
       0
       0
       0
       0
       0
       0
       0
       0
       0
       0
       0
       0
       0
       0
       0
       0
       0
       0
       0
       0
       0
       0
       0
       0
       0
       0
       0
       0
       0
       0
       0
       0
       0
       0
       0
       0
       0
       0
       0
       0
       0
       0
       0
       0
       0
       0
       0
       0
       0
       0
       0
       0
       0
       0
       0
       0
       0
       0
       0
       0
       0
       0
       0
       0
       0
       0
       0
       0
       0
       0
       0
       0
       0
       0
       0
       0
       0
       0
       0
       0
       0
       0
       0
       0
       0
       0
       0
       0
       0
       0
       0
       0
       0
       0
       0
       0
       0
       0
       0
       0
       0
       0
       0
       0
       0
       0
$ROI:
1
55 6478
$PRESETS:
None
0
0
$ENER_FIT:
0.000000 0.000000
$MCA_CAL:
3
0.000000E+000 0.000000E+000 0.000000E+000 
$SHAPE_CAL:
3
0.000000E+000 0.000000E+000 0.000000E+000
