$SPEC_ID:
No sample description was entered.
$SPEC_REM:
DET# 1
DETDESC# DESKTOP-N3QKRPJ Model 927 SN 15313107 Input 1
AP# Maestro Version 7.01
$DATE_MEA:
04/28/2022 16:43:50
$MEAS_TIM:
1080 1086
$DATA:
0 8191
       0
       0
       0
       0
       0
       0
       0
       0
       0
       0
       0
       0
       0
       0
       0
       0
       0
       0
       0
       0
       0
       0
       0
       0
       0
       0
       0
       0
       0
       0
       0
       0
       0
       0
       0
       0
       0
       0
       0
       0
       0
       0
       0
       0
       0
       0
       0
       0
       0
       0
       0
       0
       0
       0
       0
       0
       0
       0
       1
       0
       0
       0
       0
       1
       0
       0
       0
       0
       0
       0
       0
       1
       0
       0
       1
       1
       0
       1
       1
       3
       2
       1
       4
       5
      17
     106
    2612
    5689
    5618
    5508
    5402
    5448
    5166
    5176
    5064
    4930
    4931
    4707
    4775
    4581
    4580
    4431
    4456
    4369
    4357
    4291
    4083
    4105
    4031
    4020
    3902
    4027
    3839
    3798
    3794
    3736
    3660
    3653
    3475
    3622
    3581
    3707
    3547
    3563
    3432
    3444
    3360
    3436
    3412
    3315
    3369
    3379
    3186
    3187
    3298
    3306
    3155
    3342
    3290
    3210
    3236
    3247
    3206
    3294
    3257
    3141
    3116
    3140
    2961
    2986
    2805
    2800
    2851
    2771
    2672
    2540
    2520
    2446
    2430
    2295
    2320
    2220
    2224
    2187
    2254
    2172
    2080
    2080
    2069
    2040
    1987
    1911
    1943
    1960
    1840
    1870
    1876
    1810
    1763
    1841
    1766
    1811
    1754
    1740
    1763
    1747
    1748
    1719
    1729
    1732
    1680
    1708
    1683
    1701
    1663
    1678
    1597
    1687
    1575
    1620
    1615
    1567
    1567
    1565
    1558
    1508
    1537
    1540
    1426
    1465
    1422
    1393
    1396
    1345
    1335
    1389
    1299
    1286
    1242
    1275
    1247
    1253
    1184
    1175
    1176
    1155
    1075
    1152
    1100
    1105
    1068
    1040
    1163
    1139
    1086
    1086
    1086
    1044
    1022
     994
     944
     978
     924
     946
     899
     994
     889
     916
     835
     873
     865
     817
     883
     825
     862
     791
     777
     816
     790
     736
     782
     797
     783
     767
     774
     750
     753
     701
     724
     737
     722
     731
     706
     716
     692
     690
     729
     713
     688
     683
     686
     706
     630
     693
     698
     705
     714
     658
     644
     698
     698
     648
     699
     677
     615
     598
     608
     599
     626
     576
     632
     648
     627
     577
     597
     595
     657
     597
     630
     549
     564
     545
     542
     502
     538
     588
     565
     570
     524
     572
     596
     565
     513
     513
     552
     587
     506
     548
     511
     545
     545
     520
     518
     604
     524
     560
     591
     553
     617
     644
     640
     672
     654
     646
     686
     695
     692
     701
     757
     812
     774
     816
     809
     778
     815
     837
     814
     784
     795
     769
     812
     813
     825
     858
     821
     859
     817
     840
     853
     842
     875
     870
     841
     842
     853
     914
     795
     787
     792
     809
     776
     691
     737
     697
     714
     668
     634
     589
     583
     529
     519
     552
     520
     503
     446
     467
     410
     418
     374
     413
     391
     370
     392
     358
     386
     335
     355
     345
     355
     345
     322
     320
     306
     328
     286
     348
     313
     308
     337
     312
     289
     288
     320
     349
     297
     285
     318
     313
     292
     299
     273
     280
     292
     289
     304
     271
     296
     285
     288
     286
     292
     273
     308
     288
     284
     265
     309
     281
     278
     286
     268
     269
     249
     273
     273
     291
     256
     254
     243
     281
     278
     244
     243
     261
     294
     243
     242
     233
     273
     265
     216
     245
     293
     235
     259
     265
     256
     269
     260
     236
     249
     247
     244
     285
     261
     256
     278
     261
     259
     253
     239
     274
     255
     242
     262
     251
     237
     253
     248
     271
     289
     268
     269
     254
     253
     290
     288
     280
     277
     281
     307
     316
     290
     288
     326
     285
     302
     302
     321
     279
     344
     310
     277
     291
     281
     298
     313
     287
     307
     275
     299
     298
     267
     275
     259
     265
     264
     236
     272
     248
     230
     256
     281
     255
     237
     197
     273
     235
     255
     258
     248
     249
     232
     219
     227
     249
     253
     214
     223
     225
     216
     266
     236
     243
     213
     213
     228
     237
     229
     198
     229
     230
     258
     222
     236
     215
     210
     231
     210
     242
     223
     210
     249
     236
     248
     218
     261
     240
     260
     259
     240
     224
     242
     254
     262
     229
     217
     259
     236
     272
     273
     243
     217
     258
     254
     221
     233
     245
     254
     244
     226
     242
     213
     238
     187
     215
     203
     210
     195
     212
     212
     205
     228
     198
     206
     199
     208
     217
     199
     199
     213
     199
     196
     202
     213
     213
     209
     190
     194
     206
     173
     210
     185
     170
     181
     179
     193
     186
     193
     209
     176
     199
     195
     188
     191
     174
     200
     209
     184
     213
     195
     207
     177
     165
     198
     195
     186
     206
     196
     198
     207
     178
     191
     185
     190
     218
     200
     205
     181
     186
     170
     192
     184
     211
     162
     192
     208
     204
     179
     200
     183
     179
     218
     201
     209
     181
     194
     188
     203
     213
     199
     177
     194
     196
     168
     165
     208
     198
     211
     193
     185
     176
     194
     200
     176
     195
     177
     189
     168
     195
     198
     176
     186
     194
     194
     183
     158
     165
     176
     176
     164
     157
     192
     163
     177
     183
     171
     165
     179
     175
     169
     176
     183
     176
     173
     172
     163
     141
     163
     155
     181
     171
     175
     163
     174
     164
     174
     186
     184
     185
     163
     162
     154
     174
     150
     174
     155
     184
     161
     132
     162
     165
     147
     176
     156
     140
     162
     196
     138
     163
     162
     164
     182
     158
     186
     161
     177
     159
     179
     144
     168
     150
     171
     167
     157
     158
     170
     155
     169
     163
     148
     133
     168
     185
     163
     166
     174
     166
     186
     166
     166
     174
     139
     177
     145
     167
     159
     135
     167
     150
     157
     146
     173
     153
     157
     165
     150
     162
     149
     155
     150
     145
     153
     167
     171
     126
     175
     179
     173
     139
     153
     157
     161
     150
     162
     155
     136
     178
     159
     162
     166
     174
     158
     152
     157
     139
     155
     155
     168
     140
     164
     139
     159
     141
     132
     151
     152
     139
     130
     157
     155
     132
     163
     162
     160
     166
     158
     134
     139
     117
     131
     127
     153
     149
     147
     136
     151
     133
     154
     144
     134
     151
     138
     133
     131
     149
     138
     128
     136
     128
     153
     139
     138
     135
     144
     142
     140
     125
     120
     134
     142
     147
     152
     158
     162
     134
     137
     147
     141
     134
     150
     150
     130
     143
     118
     131
     137
     132
     154
     144
     136
     132
     145
     142
     151
     132
     130
     147
     157
     119
     136
     163
     156
     121
     122
     136
     128
     109
     124
     125
     114
     135
     118
     127
     125
     143
     138
     124
     124
     136
     128
     142
     119
     137
     116
     151
     135
     125
     157
     137
     122
     155
     130
     131
     111
     135
     112
     136
     122
     116
     128
     132
     128
     130
     124
     131
     128
     126
     122
     135
     118
     108
     123
     131
     119
     143
     127
     139
     110
     111
     117
     120
     139
     130
     118
     114
     140
     126
     126
     120
     123
     115
     124
     113
     120
     125
      97
     109
     125
     117
     117
     111
     103
     116
     112
     125
     139
     122
     117
     109
     124
     112
     131
     116
     131
     123
     142
     128
     104
     136
     109
     140
     114
     102
     110
      96
     122
     115
     123
     118
     113
     116
     108
     106
     135
     106
     115
     116
     111
     108
     126
     140
     115
      98
     112
     121
     106
     116
     102
     116
     110
     109
     119
     112
     107
     128
     111
      97
      95
     128
     114
     101
     122
     101
     108
     106
      96
     102
     117
     108
      95
     115
     119
     110
     116
     125
     103
     116
     110
     112
      99
     111
     120
     114
     111
     132
     112
     119
     113
      93
      93
     107
     104
     128
     109
     117
     117
      96
     119
      95
     111
     125
     112
      99
     105
     107
      95
      82
     111
     116
     102
     104
     103
      93
     100
      97
     114
     108
     117
      94
      99
     116
     110
     114
     110
     112
     118
      88
      90
     117
     105
     108
      90
     109
     104
      97
      88
      93
      97
      83
     103
      96
     106
     104
     110
     112
     110
     100
     100
     114
     105
      88
      95
     112
      93
      90
      91
     109
      93
      98
      92
     105
     115
      92
     112
      92
      81
     100
      86
     106
      98
      99
     111
      89
      86
     107
      74
      93
     106
      99
     100
      63
      77
      77
      97
      78
      87
      93
     104
      80
      99
     106
      73
      72
      98
      87
      81
      73
      90
      94
      86
      83
     105
      83
     109
      92
      69
      86
      83
      91
      84
      76
      74
      86
      91
      93
      77
      80
      81
      68
      80
      70
      74
      94
      80
      90
      86
      81
      90
      87
      88
      80
      85
      75
      89
      84
      73
      87
      79
      83
      79
      88
      75
      81
      77
      96
      70
      80
      73
      81
      76
      87
      87
      87
      74
      97
      76
      83
      86
      92
      92
      81
      71
      85
      92
      93
      73
      82
      89
      89
      80
      70
      91
      87
      88
      87
      83
     106
      81
      62
      76
      91
      80
      60
      82
      82
      76
      79
      76
      86
     101
      74
      89
      81
      80
      64
      74
      89
      84
      83
     106
      77
      83
      82
      80
      75
      74
      89
      77
      76
      68
      76
      67
      68
      66
      81
      72
      90
      83
      76
      64
      76
      59
      86
      66
      81
      61
      56
      68
      71
      72
      72
      86
      63
      69
      66
      64
      79
      67
      79
      88
      67
      65
      72
      65
      69
      71
      68
      76
      58
      82
      78
      64
      69
      73
      72
      62
      74
      73
      63
      67
      62
      73
      79
      69
      76
      64
      77
      66
      72
      69
      79
      66
      74
      68
      63
      81
      82
      75
      63
      73
      74
      69
      66
      58
      74
      71
      69
      67
      64
      70
      71
      70
      70
      59
      79
      68
      76
      73
      65
      68
      97
      72
      67
      74
      63
      68
      67
      66
      67
      71
      58
      59
      53
      78
      68
      74
      90
      53
      69
      67
      65
      67
      73
      68
      86
      84
      57
      55
      76
      71
      56
      61
      70
      66
      69
      74
      51
      59
      78
      65
      67
      70
      64
      80
      65
      63
      69
      60
      63
      62
      74
      66
      64
      60
      82
      67
      55
      70
      56
      67
      65
      71
      72
      71
      59
      56
      61
      68
      61
      79
      69
      62
      59
      80
      70
      69
      68
      64
      72
      81
      65
      52
      69
      61
      77
      67
      63
      68
      72
      63
      67
      63
      63
      53
      66
      54
      69
      53
      42
      60
      73
      65
      71
      77
      71
      56
      66
      69
      58
      59
      68
      72
      73
      80
      60
      70
      67
      69
      69
      85
      69
      46
      55
      55
      56
      59
      74
      63
      59
      68
      50
      61
      59
      72
      60
      58
      64
      51
      81
      74
      59
      56
      49
      80
      68
      65
      60
      61
      64
      66
      64
      54
      61
      76
      72
      57
      75
      75
      66
      68
      64
      60
      72
      76
      55
      71
      65
      65
      47
      53
      56
      70
      59
      72
      55
      54
      55
      64
      67
      74
      60
      77
      53
      65
      72
      54
      73
      53
      53
      60
      71
      57
      70
      72
      50
      81
      70
      73
      69
      61
      53
      68
      52
      61
      66
      67
      89
      75
      53
      60
      65
      60
      58
      77
      75
      57
      53
      68
      58
      64
      76
      68
      57
      70
      69
      45
      57
      81
      53
      78
      69
      73
      64
      65
      79
      65
      63
      68
      54
      58
      55
      68
      68
      66
      72
      66
      83
      68
      74
      64
      74
      79
      55
      60
      72
      80
      71
      64
      69
      67
      68
      68
      74
      75
      55
      57
      67
      57
      63
      76
      63
      72
      66
      71
      66
      73
      82
      73
      65
      74
      72
      70
      80
      80
      79
      81
      72
      67
      70
      74
      69
      74
      74
      62
      74
      87
      69
      82
      76
      85
      89
      65
      80
      69
      95
      90
      67
      73
      90
      75
      84
      92
      83
      71
      86
      76
      77
      70
      91
      74
      91
      66
      85
      72
      92
      82
      79
      83
      90
      75
      93
      81
      84
      82
     103
      73
      84
      90
      88
      72
      92
      88
      74
      68
      71
      91
      69
      93
      72
      77
     111
      82
      82
      95
      82
      78
      75
      83
      80
      83
      97
      79
      79
      63
      61
      90
      69
      85
      57
      74
      96
      84
      84
      81
      72
      77
      88
      73
      85
      79
      80
      78
      80
      68
      79
      82
      69
      82
      79
      72
      80
      69
      72
      72
      95
      92
      73
      68
      66
      59
      84
      70
      76
      70
      59
      80
      70
      58
      75
      73
      69
      58
      68
      72
      70
      68
      73
      80
      69
      75
      67
      69
      74
      71
      66
      61
      69
      72
      72
      63
      64
      69
      82
      67
      69
      64
      65
      58
      58
      85
      58
      66
      74
      71
      80
      53
      69
      59
      66
      73
      93
      74
      62
      66
      59
      78
      68
      65
      86
      82
      80
      60
      78
      68
      73
      86
      80
      67
      64
      61
      54
      77
      75
      76
      85
      56
      66
      82
      70
      80
      50
      62
      88
      87
      86
      70
      56
      67
      69
      73
      59
      64
      58
      76
      52
      53
      68
      71
      64
      79
      70
      69
      72
      70
      66
      84
      63
      76
      66
      63
      78
      75
      87
      68
      62
      58
      51
      63
      65
      78
      72
      61
      65
      68
      61
      60
      59
      64
      64
      56
      68
      63
      68
      65
      72
      63
      61
      68
      62
      48
      73
      42
      66
      51
      78
      64
      47
      60
      61
      55
      66
      67
      65
      68
      59
      59
      60
      62
      61
      72
      59
      54
      58
      66
      53
      65
      64
      70
      65
      50
      56
      60
      63
      65
      52
      55
      48
      50
      45
      57
      62
      73
      51
      42
      60
      69
      43
      54
      46
      38
      43
      60
      44
      44
      48
      59
      53
      42
      52
      47
      42
      57
      55
      60
      46
      60
      40
      47
      47
      44
      56
      59
      55
      49
      66
      45
      45
      41
      50
      42
      43
      60
      63
      49
      52
      62
      44
      51
      54
      49
      62
      41
      30
      47
      40
      41
      55
      41
      48
      62
      54
      59
      46
      42
      45
      50
      49
      39
      52
      38
      48
      47
      50
      49
      28
      47
      45
      40
      40
      48
      42
      43
      59
      44
      52
      40
      57
      42
      50
      55
      50
      45
      45
      34
      47
      45
      34
      34
      43
      50
      42
      45
      34
      49
      42
      49
      42
      52
      52
      39
      60
      51
      41
      41
      27
      34
      35
      40
      31
      52
      39
      37
      41
      29
      39
      36
      28
      38
      36
      34
      31
      35
      40
      48
      39
      38
      44
      37
      35
      41
      39
      44
      31
      35
      33
      44
      27
      32
      31
      39
      36
      33
      35
      31
      33
      34
      36
      31
      33
      25
      35
      44
      28
      39
      26
      41
      54
      37
      41
      28
      36
      34
      35
      39
      28
      41
      38
      49
      37
      40
      43
      36
      33
      33
      33
      38
      33
      38
      38
      43
      28
      27
      34
      44
      35
      40
      38
      30
      27
      29
      35
      34
      27
      36
      40
      40
      32
      26
      47
      45
      38
      39
      33
      31
      35
      29
      36
      35
      30
      39
      38
      43
      50
      28
      26
      49
      24
      40
      36
      42
      47
      30
      37
      46
      38
      41
      29
      31
      31
      37
      39
      40
      44
      36
      43
      41
      44
      39
      41
      36
      28
      41
      31
      40
      38
      30
      39
      44
      47
      45
      48
      40
      38
      34
      33
      38
      40
      37
      36
      37
      33
      49
      39
      38
      40
      47
      33
      40
      42
      42
      36
      40
      25
      35
      41
      33
      32
      36
      42
      36
      43
      43
      31
      42
      26
      28
      37
      37
      34
      46
      37
      47
      35
      41
      41
      42
      31
      35
      33
      33
      45
      36
      43
      38
      43
      46
      33
      38
      35
      38
      38
      38
      37
      25
      33
      24
      32
      41
      29
      41
      49
      30
      38
      44
      28
      32
      42
      32
      41
      31
      30
      37
      29
      47
      31
      28
      32
      40
      35
      37
      31
      48
      33
      31
      34
      47
      29
      36
      32
      32
      37
      38
      29
      33
      46
      38
      35
      35
      27
      38
      36
      43
      35
      23
      25
      39
      32
      38
      33
      36
      35
      33
      24
      34
      32
      44
      36
      33
      30
      32
      31
      32
      31
      24
      25
      26
      26
      33
      38
      27
      31
      33
      37
      27
      27
      29
      40
      38
      42
      34
      28
      37
      34
      34
      33
      24
      27
      33
      41
      33
      29
      38
      38
      31
      33
      33
      30
      30
      30
      35
      30
      25
      40
      25
      34
      29
      24
      42
      22
      33
      31
      34
      27
      40
      25
      30
      36
      30
      34
      30
      26
      24
      35
      40
      30
      30
      40
      37
      26
      21
      34
      29
      29
      30
      33
      34
      30
      26
      34
      29
      16
      32
      21
      24
      27
      33
      23
      20
      29
      27
      29
      29
      23
      28
      26
      32
      30
      31
      31
      34
      34
      27
      30
      25
      27
      28
      21
      30
      26
      24
      22
      26
      30
      25
      28
      21
      37
      27
      32
      21
      29
      25
      24
      21
      17
      25
      32
      22
      31
      25
      26
      12
      36
      16
      27
      25
      14
      26
      22
      25
      21
      19
      32
      15
      15
      33
      18
      15
      20
      25
      22
      22
      28
      25
      14
      26
      28
      19
      23
      20
      22
      32
      21
      32
      17
      21
      22
      24
      27
      26
      27
      22
      24
      17
      18
      21
      27
      22
      22
      24
      26
      21
      24
      13
      27
      20
      17
      27
      16
      21
      21
      18
      15
      23
      24
      17
      21
      22
      21
      26
      19
      26
      18
      14
      22
      25
      18
      26
      26
      20
      17
      16
      19
      21
      14
      22
      17
      23
      15
      16
      27
      16
      24
      24
      17
      20
      19
      16
      21
      19
      22
      13
      12
      22
      17
      25
      22
      13
      15
      14
      12
      22
      23
      13
      19
      17
      17
      17
      13
      27
      20
      17
      16
      18
       9
      21
      17
      18
       7
      19
      17
      18
      12
      15
      26
      15
      17
      13
      12
      17
      17
      20
      14
       9
      15
      19
      14
      18
      17
      15
      14
      17
      14
      17
      22
      14
      10
      14
      26
      18
      16
      15
      16
      14
      19
      18
       4
      14
      14
      11
      31
      12
       9
       5
      15
      13
      16
      11
      16
      12
      11
       9
      11
      11
      17
      14
      14
      15
      11
      19
      13
      13
      13
      11
      14
      11
      15
       5
      11
       3
      13
      16
      12
      11
      10
      10
      18
       9
      14
      12
      16
      10
       9
      17
      12
      16
      14
      14
      14
       9
      16
      11
      10
      17
      12
      14
       7
       8
       9
       7
       8
       7
      14
      12
      14
      10
       6
       7
       9
      10
       8
       7
       6
      11
       8
       8
       8
       7
      17
      16
       7
       5
      12
       7
      14
       5
      13
      15
      11
      12
      10
      11
       8
       5
      10
       8
      17
       8
       7
      11
       9
       8
       7
       7
      12
       9
       5
      10
      11
       4
       8
       6
      11
       9
      18
       5
       7
      17
       7
      11
       5
      10
       8
      10
      14
       7
      13
      13
       8
       8
      10
       5
       7
      12
       7
       5
      10
       6
       4
       9
       5
       3
       9
       4
       6
      10
      15
       9
      11
       9
       5
       5
      10
       9
       6
       6
       9
       5
       6
       4
       4
       8
       9
       8
      10
       3
       7
       6
       8
       7
       8
       3
      12
       7
       8
      10
      13
       9
       8
       9
       7
       6
       8
       2
       5
       7
       5
      10
      13
       4
       6
       7
       8
       7
       4
       6
      17
       4
       4
       8
       8
       6
       6
       8
       6
       8
       9
       4
       3
       4
      11
       8
       5
      10
       9
       7
       8
       5
       7
       3
       3
       6
       4
       5
       8
      11
       9
       8
       8
       6
      12
       7
       7
       3
       8
       4
       4
       4
       4
      10
       4
       7
       5
       8
       7
       2
       6
      14
       6
       5
       9
      10
       3
       6
      10
       9
       5
       4
       7
       6
       7
       9
       5
       4
       2
       9
       8
       7
       8
       8
       2
       6
       5
       5
       8
       2
       6
       6
       6
       6
       8
      11
       7
       8
       7
       2
       6
       4
      10
       6
       9
       7
       6
      10
       6
       6
       9
       9
       8
       7
       3
       6
       6
       8
       6
       3
       5
       7
      12
       5
       7
       9
       9
       6
       3
       6
       3
       3
       4
       7
       5
       9
       6
       9
       7
       7
       3
       3
       6
       7
       4
       8
       5
       7
       6
       5
       5
       7
       4
       7
       5
       5
      11
      10
       5
       8
       3
       3
       5
       5
       6
       7
       5
       4
       5
       3
       5
       5
       4
       7
       1
       8
       8
       5
       4
       5
       4
       5
       5
       7
       5
       5
       3
       5
       5
       6
       8
       9
       6
       2
       7
       2
       7
       5
       7
       2
       0
       4
       1
       7
       5
       3
       6
       4
       2
       4
       5
       5
       4
       6
       5
      10
       3
       3
       3
       4
      11
       7
       3
       7
       8
       5
       7
      10
       7
       9
       8
       7
       5
       8
       4
       8
       8
       8
       1
       7
       6
       2
       5
       5
       4
       5
       8
       4
       3
       6
       4
       5
       4
       5
       8
       5
       5
       5
       5
       5
      11
       8
       2
       6
       8
       4
       2
      10
       6
       5
       4
       2
       2
       5
       4
       7
       3
       1
       6
       5
       6
       4
       4
       2
       2
       5
      10
       2
       5
       1
       2
       2
       6
       1
       9
       6
       6
       3
       2
       5
       7
       7
       3
       2
       6
       4
      10
       5
       4
       4
       3
       2
       3
       5
       5
       4
       4
       3
       6
       2
       1
       1
       4
       1
       4
       4
       9
       6
       6
       2
       5
       6
       4
       5
       9
       4
       6
       7
       5
       6
       9
       5
       8
       6
       3
       4
       7
       4
       4
       8
       4
       6
       4
      11
       4
       3
       3
       5
       6
       6
       4
       6
       3
       7
       2
       4
       5
       8
       5
       8
       5
       6
       5
       4
       4
       4
       2
       7
       5
       4
       3
       6
       9
       8
       6
       6
       5
       9
       6
       3
       4
       3
       7
       4
       9
       3
       2
       5
       2
       6
       5
       9
       7
       6
       2
       2
       4
       6
       3
       2
       5
       7
       5
       2
       3
       8
       4
       6
       8
       7
       5
       9
       7
       6
       5
       2
       7
       5
       4
       0
       4
       2
       4
       2
       5
       5
       4
       5
       0
       2
       2
       5
       5
       4
       3
       7
       1
       3
       4
       6
       6
       4
       5
       7
       5
       3
       4
       7
       6
       7
       4
       3
       5
       4
       4
       3
       5
       1
       7
       5
       5
       4
       7
       3
       3
       7
       3
       9
       5
       5
       7
       3
       3
       1
       6
       6
       3
       1
       3
       2
       7
       6
       5
       5
       5
       7
       4
       4
       6
       4
       3
       7
       5
       4
       6
       9
       4
       9
       5
       3
       3
       6
       3
       3
       7
       5
       4
       6
       7
       4
       4
       6
       5
       1
       4
       5
       1
       5
       6
       4
       3
       1
       4
       5
       5
       4
       7
       5
       1
       5
       9
       5
       4
       2
       3
       5
       6
       2
       9
       4
       8
       3
       5
       5
       4
      10
       5
       3
       3
       1
       4
       7
       4
       4
       4
       6
       3
       5
       4
       7
       6
       2
       2
       3
       4
       4
       4
       5
       6
       2
       8
       3
       5
       3
       1
       4
       4
       5
       4
       3
       3
       6
       5
       3
       5
       3
       2
       6
       4
       4
       5
       1
       3
       5
       1
       5
       9
       5
       3
       6
       4
       5
       5
       3
       3
       6
       3
       7
       4
       4
       4
       8
       4
       4
       4
       8
       3
       6
       8
       3
       2
       6
       9
       4
      11
       5
       8
       4
       5
       6
       4
       5
       5
       8
       3
       8
       3
       0
       2
       7
       3
       5
       5
       4
       1
       5
       9
       3
       4
       6
       3
       5
       4
       6
       4
       2
       3
       3
       2
       5
       1
       7
       8
       7
       3
       7
       5
       6
       8
       7
       4
       4
       6
       3
       8
       5
       6
       7
       2
       1
       5
       5
       6
       5
       3
       6
       2
       7
       9
       8
       4
       5
       7
       3
       3
       5
       3
       5
       6
       4
       8
       5
       7
       7
       2
       1
       2
       3
       8
       7
       6
       3
       5
       2
       3
       4
       3
       4
       3
       3
       4
       5
       4
       4
       6
       9
       6
       2
       6
       7
       5
       3
       6
       4
       5
       4
       7
       6
       1
       9
       7
       7
       8
       5
       6
       2
       2
       2
       7
       5
       3
       8
       7
       5
       5
       5
       3
       4
       3
       4
       9
       9
       2
       6
       9
       7
       6
       6
       4
       5
       3
       4
       3
       4
       6
       8
       6
       4
       4
       3
       2
       7
       6
       5
       7
       7
       6
       6
       6
       5
       3
       4
       5
       6
       3
       4
       4
       5
       6
       5
       3
       2
      10
       3
       4
       5
       9
       6
       6
       4
       3
       6
       4
       7
       8
       5
       6
       5
       3
       3
       5
       3
       5
       4
       8
      11
       4
       4
       6
       4
       1
       4
       6
       4
       4
       5
       3
       0
       7
       7
       5
       6
       8
       5
       2
       5
       5
       3
       6
       4
       4
       2
       3
       2
       3
       5
       4
       4
       5
       6
       7
       5
       2
       4
       8
       3
       5
      11
       5
       2
       5
       4
       4
       6
       3
       3
       3
       5
       5
       6
       5
      14
       7
       4
       2
       5
       3
       4
       7
       3
       4
       4
       7
       3
       4
       4
       8
       5
       5
       4
       4
       8
       4
       4
       4
       2
       4
       6
       8
       2
       0
       2
       4
       4
       7
       6
       2
       3
       4
       6
       1
       7
       5
       6
       3
       5
       2
       5
       6
       7
       5
       5
       7
       1
       2
       8
       2
       4
       2
       2
       6
       8
       6
       6
       2
       4
       5
       1
       4
       2
       4
       3
       4
       5
       8
       1
       8
      12
       5
       7
       8
       3
      10
       6
       6
       6
       2
       9
       2
       2
       2
      11
       3
       6
       5
       3
       5
       2
       4
       6
       6
      12
       4
       3
       3
       9
       3
       9
       4
       4
       5
       2
       7
       6
       2
       1
       4
       8
       6
       6
       5
       8
       8
       2
       8
       3
       1
       2
       6
       5
       6
       4
       6
       5
       3
       5
       3
       3
       3
       1
       5
       3
       4
       6
      12
       2
       7
       4
       9
       4
       7
       3
       5
       5
       7
       8
       5
       5
       3
       7
       8
       6
       8
       6
       1
       5
       9
       3
       4
       6
       6
       4
       4
       4
       8
       7
      11
       8
       3
       4
       4
       2
       5
       6
       7
       8
       5
       3
       0
       6
       6
       2
       4
       7
       2
       7
       3
       4
       5
       6
       6
       3
       7
       8
       8
       5
       5
       7
       8
       3
       4
       7
       5
       8
       3
       5
       4
       6
       6
       6
       6
       2
       4
       4
       9
       5
       5
       6
       3
       7
       5
      10
       4
       7
       7
       7
       5
       9
       4
       2
       5
       6
       3
       8
       8
       3
       5
       2
       7
       9
       2
       2
       5
       1
       4
       3
       2
       2
       3
       5
       6
       4
       4
       3
      11
       3
       6
       4
       4
       4
       3
       9
       5
       9
       7
       5
       4
       4
       4
       8
       7
       8
       4
       4
       7
       3
       7
       3
       6
       6
       8
       6
       7
       6
       5
       4
       2
       6
       4
       5
       7
       1
       7
       5
       4
       3
       3
       6
       6
       3
       3
       3
       4
       8
       6
       2
       4
       9
       5
       2
       2
       6
       9
       8
       6
       5
       4
       7
       6
       6
       4
       8
       4
       7
       3
       6
       4
       8
       3
       4
       9
       7
       3
       2
       4
       9
       3
       8
       5
       7
       8
       4
       3
       7
       9
       4
       5
       8
       6
       4
       6
      10
       8
       7
       8
       8
       7
      10
       4
       4
       5
       4
       2
       3
       6
       3
       6
       5
       7
       4
       4
       8
       9
       4
       4
       6
       6
       5
       3
       8
       6
       5
       9
       4
       7
       6
       3
       8
       7
       8
       8
       5
       3
      11
       4
       4
      12
       4
       6
       5
       1
       6
       3
       5
       5
      10
      10
       8
       6
       5
       6
       4
       5
       4
       4
       5
       7
       4
      13
       7
       8
       3
       2
       8
       6
       7
       4
       8
       4
       6
       4
       6
       5
       3
       7
       6
       5
       7
       8
       6
       8
       9
       9
       3
       4
      10
       4
       2
       4
       6
       2
       5
       4
       9
       7
       6
       3
       5
       4
       4
      10
       4
      11
       5
       3
       3
       7
       5
       6
       6
       3
       8
       7
       9
       3
       5
       4
       3
       5
       5
       5
       6
       5
       6
       5
       4
       9
       5
       4
       1
       7
       8
       6
       3
       8
       5
       4
       2
       3
       3
       7
       6
       4
       4
       6
       6
       4
       6
       5
      11
      10
      12
       8
       5
       5
       8
       1
      10
       6
      10
       5
       9
       3
       6
       8
       8
       5
       8
       6
       4
       5
       9
       8
       6
       9
       4
       7
       5
       6
       5
       7
       2
       7
       4
       4
       6
      10
       4
       7
       7
       9
       7
       5
       6
       5
       6
       5
       3
       8
       4
       4
       4
       6
       2
       2
      11
       5
       8
       6
       2
       6
       7
       7
       9
       4
       6
       7
       7
       3
       9
      12
       8
       5
       9
       9
       6
       8
       5
       8
       8
       4
       4
       4
       3
       6
       9
      14
       2
       6
       4
       8
       5
      11
       7
       3
       7
       6
      11
       7
       3
       5
       8
       9
       3
       5
       9
       2
       8
       7
       5
       4
       5
       5
      10
       4
      11
       5
       8
       2
       6
       6
       4
       8
       3
      10
       3
       6
       7
       8
       7
      10
       3
       7
       3
      10
       5
       9
       1
       3
       4
       4
       8
       8
       8
       2
       9
       9
       5
       3
       6
       9
       6
      11
       4
       6
       2
       7
       8
       9
       7
       8
       5
       6
       4
       3
       3
       3
      11
       8
       8
       5
       6
       5
       5
       5
       9
       6
       5
       5
       6
       6
       8
       5
       8
       3
       9
       4
       7
       9
       6
      10
       8
       5
       4
       3
       7
       3
       6
       4
      10
       1
       9
       5
      11
       2
       4
       6
      10
       8
       7
       3
       5
       7
       1
       7
       3
       4
      11
       6
       5
      10
      12
       5
      10
       5
       7
       5
      11
       4
       4
      11
      10
       4
      10
      10
       8
       5
      10
       6
      11
       4
      10
       7
       7
       7
       9
      12
      14
       4
       9
      12
       4
       3
       5
       4
       5
      14
      11
      11
       9
       8
       4
       6
       7
      10
       4
      13
      10
       6
       9
       4
      13
       5
       5
      10
      12
       6
       5
      11
       5
       6
       7
       6
      10
       9
       7
       4
       5
       6
       7
      11
       4
       8
       8
       6
       4
       8
       7
       7
       6
       7
       6
      11
      14
       8
       6
       8
       7
       3
      12
       4
      10
       6
      10
      11
       8
      11
       5
      10
      12
       5
       7
       7
       8
       5
       6
       5
       4
       8
      14
       6
       7
       6
       5
       5
       6
       4
       7
      10
       5
      10
       8
       6
      11
       7
       6
       8
       4
       6
       5
      13
       7
      13
       9
       7
      12
       8
       5
       9
       8
       7
      16
       4
      10
       2
       5
       7
       5
      15
       4
       5
       5
      10
       9
       7
       8
       7
       3
       9
       9
      11
       7
       6
       9
       7
      13
       7
       9
      11
       8
      15
      13
       5
       7
       6
      14
      11
      10
       6
      10
       4
      13
       9
       9
       4
      14
      12
      12
       8
      11
      13
      10
       8
       5
       6
       7
       4
       5
      10
       7
       6
       9
       5
      11
      12
      11
       9
       6
       6
       6
       8
       7
       6
      13
       8
      12
      11
       9
      10
       8
       7
      10
      14
      10
       8
       7
       8
      12
       9
       9
      16
      12
       7
      15
       7
       7
       9
      12
      12
      10
       6
       6
       6
       6
       7
      11
      11
       9
      10
      10
      12
       6
      11
      10
      10
      13
       8
       5
      14
       2
      11
      14
      10
      13
      14
       9
       6
       8
      17
       8
      11
       9
       6
      10
       2
       8
       4
       6
      12
      11
       9
       8
      11
       6
       6
       6
      12
       6
      11
       6
       8
       8
      13
       7
       9
      10
       5
       7
       7
       8
      10
       3
      10
       8
       9
      12
       9
      10
       7
      14
       8
       9
      14
       9
      17
       9
      12
      15
       7
      14
      19
      14
       5
      13
      10
      10
      11
       8
       7
      14
      12
       9
      11
       8
      11
      11
      12
      12
       8
       7
      15
       7
       8
       6
       7
      11
      10
       9
      13
      10
      13
       3
      10
       3
      11
      13
       9
      10
      10
       9
       7
       7
       9
      15
       6
      15
      12
      13
       7
       7
       7
       9
       8
      12
       4
       7
       8
      16
      10
      10
      11
      11
       8
      12
       8
       9
      10
       9
       9
      10
      10
       5
       6
       8
       8
      10
       7
       7
      11
      12
      11
      10
      11
      11
      10
       7
       8
      11
      12
       6
      12
       6
       7
      14
      12
      18
      13
      10
       6
       4
       7
      12
       9
      19
       7
      10
       8
      12
       8
      14
      11
      10
      11
       7
      10
      11
      10
      18
       9
       8
      11
      14
       9
       6
       7
       7
      17
       9
       7
      17
      22
      11
      12
      11
       9
      12
       8
      11
      11
       9
       8
       8
       8
      14
       6
       7
       9
      14
       8
      12
      13
      11
       9
      14
       8
       8
      11
       4
      10
      13
      17
      13
      11
       8
       9
      15
      13
      12
       9
      14
       9
       8
      13
      15
      17
      13
       9
      14
      12
      10
       8
      17
       6
      20
      13
      11
      11
      14
      11
      10
      14
       6
      14
       7
      12
      14
       6
      11
      12
      14
      13
      11
       8
       8
      11
      14
      16
      15
      10
      14
      11
      17
       8
      11
       9
      14
      16
      12
      10
      14
       9
      14
       4
      12
       8
      11
       8
       7
      11
      10
      13
      17
       9
       7
       9
      10
       9
      13
      16
      16
       8
      18
      16
      16
      12
      11
      10
      10
      14
      12
      16
      10
      15
      18
      10
      15
      16
      10
      12
      11
       4
       6
      10
       9
      10
      12
      10
      13
      15
      17
       8
       8
      20
       8
      13
      12
      11
      19
      12
      14
      12
      10
      17
      15
      10
      12
      14
      13
      14
      13
      12
      11
      13
       6
      12
      11
      21
      14
      12
      23
      16
       9
      11
      12
      14
      15
      11
      13
      13
      12
      12
       5
      14
      13
      15
      11
      11
      15
       9
      13
      12
       8
      12
      17
      18
      14
      10
       8
      13
      15
       9
      12
      15
      12
      12
      13
       8
      21
      14
      13
      15
       9
      13
      10
      17
      16
      11
      16
      12
      19
      16
      16
      18
      11
      11
      22
      17
      11
      15
      16
      11
      14
      14
      10
       6
      12
      14
      12
      16
      17
       8
      22
      10
       9
      10
      11
       9
      16
      17
      12
       9
       9
      20
      14
      11
       8
      11
      10
      15
      14
      12
      15
      17
      16
      14
      14
       8
      14
      18
      15
      11
      21
      12
      20
      11
      22
      19
      13
      15
      13
      16
      17
      16
      12
      11
      10
      15
      13
      15
      15
      17
       9
      19
      15
      17
      15
      23
      10
      11
      11
      16
      12
      14
      13
      19
      14
      23
      18
      16
      11
      17
      13
      17
      17
      11
      15
      15
      15
      12
      13
      13
      10
       7
      19
      12
      14
      15
      14
      11
      15
      13
      17
      13
      14
      18
      12
      11
      13
      15
      20
      20
      18
      18
      20
       9
      21
      15
      16
      18
      17
      22
      21
       9
      16
      19
      12
      10
      12
      11
      15
      14
      16
      10
      12
      17
      12
      17
       8
      17
      18
       9
      17
      11
      23
      18
      14
      16
      11
      14
      11
      19
      14
       9
      16
      13
      21
      11
      14
      19
      17
      14
      15
      11
      10
      17
       9
      20
      15
       6
      17
      15
      15
      15
      29
      19
      18
      14
      17
      13
      10
      18
      16
      13
      19
      19
      20
      12
      18
      11
      16
      18
      15
      14
      13
      19
      13
      14
       6
      18
      17
      15
      10
      16
      18
      13
      18
      16
      12
      11
      11
      12
      11
      20
      18
      18
      18
      20
      16
      20
      16
      11
      18
      12
      13
      11
      14
      17
      12
      26
      25
      18
      13
      12
      20
      17
      22
      17
      21
      12
      13
      13
      13
      13
      10
      18
      18
      11
      12
      17
      13
      16
      11
      12
      13
      11
      18
      11
      20
       9
      17
      14
      17
      16
      10
      15
      20
      11
      11
      11
      18
      15
      22
       9
      11
      21
      24
      19
      21
      18
      17
      14
      16
      16
      11
      15
      12
      14
      17
      15
      11
       9
      14
      14
      19
      14
      15
      22
       9
      18
      16
      14
      17
      14
      19
      19
      10
      16
      18
      20
      12
      19
      23
      11
      16
      13
      17
      11
      16
      11
      15
      24
      21
      13
      24
      22
      13
       9
      15
      26
      18
      18
      15
      16
      16
      18
      12
      16
      18
      13
      14
      14
      16
      15
      15
      15
      17
      17
      21
      19
      13
      19
      14
      16
      15
      10
      23
      14
      14
      24
      18
      21
      11
      15
      13
      23
      18
      18
      15
      22
      12
      18
      23
      18
      20
      17
       8
      17
      17
      25
      20
      13
      13
      16
      14
      10
      12
      15
      28
      19
      22
      18
      19
      12
      24
      21
      16
      16
      19
      17
      21
      12
      15
      16
      23
      23
      16
      14
      16
      18
      17
      22
      20
      15
      27
      18
      15
      16
      18
      18
      18
      18
      22
      19
      15
      19
      21
      26
      19
      13
      18
      14
      20
      13
      15
      13
      13
      17
      25
      19
      17
      16
      19
      12
       8
      15
      15
      18
      19
      23
      18
      17
      12
      17
      13
      12
      17
      17
      21
      19
      18
      10
      16
      16
      16
      23
      19
      22
      21
      13
      18
      18
      14
      21
      17
      19
      12
      22
       9
      16
       9
      14
      15
      22
      14
      12
      16
      17
      24
      13
      19
      24
      17
      20
      16
      17
      22
      15
      12
      20
      16
      17
      16
      17
      14
      21
      13
      23
      15
      23
      24
      15
      16
      15
      12
      16
      19
      25
      15
      15
      12
      17
      19
      14
      16
      21
      14
      14
      18
      19
      22
      24
      20
      16
      17
      17
      22
      17
      10
      17
      16
      15
      16
      19
      13
      18
      18
      16
      20
      16
      15
      30
      18
      19
      15
      16
      14
      14
      14
      23
      17
      16
      20
      26
      13
      11
      17
      23
      13
      13
      13
      23
      21
      17
      22
      19
      13
      14
      13
      19
      12
      20
      19
      11
      12
      14
      14
      17
      17
      20
      15
      16
      16
      25
      21
      23
      26
      17
      24
      13
      21
      20
      13
      25
      17
      22
      23
      19
      18
      16
      21
      20
      23
      16
      17
      24
      13
      16
      19
      14
      20
      18
      13
      19
      18
      15
      21
      16
      22
      13
      19
      20
      18
      17
      17
      18
      20
      17
      21
      14
      19
      22
      10
      15
      22
      16
      11
      18
      15
      14
       9
      20
      20
      12
      14
      15
      10
      25
      17
      22
      19
      19
      13
      14
      19
      12
      14
      16
      20
      25
      14
      15
      15
      16
      21
      14
      22
      23
      24
      25
      16
      18
      20
      16
      16
      14
      21
      19
      14
      20
      18
      23
      15
      16
      23
      25
      12
      24
      21
      25
      15
      22
      21
      20
      21
      20
      16
      19
      28
      15
      15
      18
      19
      18
      20
      15
      17
      17
      17
      22
       8
      30
      11
      16
      16
      17
      16
      19
      16
      17
      22
      12
      14
      15
      16
      18
       9
      20
      18
      23
      12
      23
      24
      12
      13
      20
      18
      15
      13
      13
      14
      24
      22
      23
      26
      15
      17
      21
      14
      19
       8
      18
      23
      16
      17
      25
      25
      15
      20
      20
      17
      19
      15
      26
      17
      16
      20
      20
      20
      20
      11
      11
      21
      22
      23
      12
      16
      19
      23
      13
      21
      18
      17
      22
      19
      18
      23
      20
      14
      15
      20
      13
      14
      16
      18
      23
      10
      21
      16
      14
      20
      19
      19
      14
      21
      16
      15
      20
      18
      14
      20
      13
      13
      11
      14
      18
      14
      17
      17
      21
      18
      16
      23
      21
      22
      19
      19
      17
      22
      12
      13
      16
      15
      18
      18
      19
      18
      17
      12
      13
      16
      12
      11
      16
      16
      10
      13
      25
      17
      11
      15
      14
      14
      17
      21
      25
      16
      15
      16
      12
      12
      16
      19
      10
      18
      15
      13
      15
      20
      17
      19
      25
      15
      15
      13
      14
      14
      13
      11
      12
      23
      14
      18
      13
      14
      17
      11
      19
      16
      13
      16
      19
      16
      17
       9
      18
      19
      20
      17
      14
      15
      12
      21
      16
      17
      16
      21
      13
      12
      16
      17
      13
      17
      16
      20
      20
      18
      21
      19
      18
      12
      19
      23
      15
      14
      15
      18
      14
      20
      17
      23
      20
      25
      18
      22
      16
      16
      13
      21
      15
      10
      19
      13
      16
      23
      18
      20
      18
      13
      20
      21
      17
      14
      17
      15
      13
      18
       6
      19
      16
      19
      15
      16
       6
      10
      23
      10
      10
      11
      13
      11
       8
      20
      21
      17
      19
      22
      17
       9
      15
      17
      15
       9
      12
      12
      15
      13
      24
      10
      15
      10
      12
      24
      15
      20
      15
      18
      18
      18
      11
      13
      13
      15
      14
      18
      20
      18
      20
       9
      13
      16
       9
      21
      11
      12
      14
      16
      15
      13
      18
      11
      12
      21
      11
      16
      11
      15
      10
      15
      19
      13
      24
      18
      15
      18
      23
      14
      12
      10
      20
      24
      18
      15
      17
      17
      14
      13
      20
      10
      18
      22
      14
      21
      13
      15
      15
      15
      18
      16
      18
      19
      14
      13
      18
      16
      15
      21
      21
      16
      21
      20
      16
      19
      10
      10
      14
      12
      18
      19
      17
       7
      10
      19
      11
       6
      13
      21
      11
      16
      18
      19
      18
      13
      11
      11
      14
      17
      10
      17
       9
      11
      17
      11
      15
      11
      11
       9
      17
      16
      15
      14
      13
      13
      14
      10
      11
      12
      18
      10
      12
       9
      16
      17
      18
      21
      21
      17
      17
      13
      14
       9
      14
      13
      20
      17
      16
       8
      13
      21
      14
      11
      13
      13
      11
      17
      10
      20
      20
      12
      11
      10
      14
      13
       9
      15
      14
       5
      18
      15
      12
      15
      12
      11
      12
      20
      12
      12
      12
      16
      16
      20
      19
      18
      12
      13
      13
      19
      16
      13
      19
       8
      11
       7
       4
      14
       9
      13
      13
      14
      10
       9
      14
      11
      15
       5
      14
      11
      15
       9
       4
      11
      11
       8
      14
       9
       6
       9
      14
      12
      13
      16
      10
      13
       8
      13
      11
       7
      11
       8
      13
       6
       6
       8
       9
      12
      13
       8
      14
       9
      11
      12
       8
      13
       9
       8
       5
       7
       6
       5
       9
       6
       4
      10
       9
       8
       4
       9
       7
      11
       4
      11
       9
       4
      11
      10
       8
       9
       6
      12
       2
      10
       4
       9
       8
       9
       5
       4
       4
       4
       3
       4
       2
       6
       4
       3
       0
       5
       0
       4
       6
       8
      10
       5
       5
       6
       8
      14
       3
       5
      10
       8
       4
       3
       9
      11
       4
       3
       7
       3
       3
       0
       3
       5
       2
       5
      10
       4
       3
       2
       7
       2
       6
       5
       5
       5
       4
       6
       6
       6
       1
       2
       4
       7
       3
      10
       6
       6
       4
       3
       6
       2
       2
       3
       8
       4
       3
       6
       2
       8
       4
       4
       6
       6
       4
       0
       4
       2
       3
       2
       3
       4
       3
       5
       5
       6
       4
       7
       5
       1
       2
       5
       6
       2
       5
       6
       6
       3
       4
       4
       2
       6
       3
       5
       2
       6
       3
       1
       0
       6
       1
       3
       4
       6
       2
       4
       1
       1
       6
       2
       2
       2
       5
       2
       3
       1
       3
       1
       7
       2
       4
       5
       1
       3
       1
       2
       2
       1
       3
       2
       1
       2
       0
       3
       3
       4
       4
       5
       3
       5
       7
       3
       3
       1
       4
       7
       3
       0
       2
       2
       1
       2
       1
       2
       0
       1
       2
       5
       1
       3
       6
       1
       0
       1
       3
       0
       1
       3
       6
       2
       2
       0
       3
       0
       1
       0
       3
       2
       1
       2
       0
       1
       4
       0
       0
       1
       2
       1
       0
       1
       3
       3
       2
       1
       1
       3
       0
       0
       2
       2
       0
       0
       1
       2
       3
       2
       1
       2
       1
       2
       1
       2
       0
       2
       1
       4
       0
       1
       0
       1
       0
       1
       5
       3
       1
       0
       1
       0
       1
       0
       2
       1
       0
       1
       1
       1
       0
       1
       2
       0
       1
       1
       1
       1
       2
       0
       1
       2
       0
       3
       2
       0
       1
       0
       1
       0
       3
       2
       1
       0
       1
       1
       0
       0
       1
       1
       0
       0
       0
       2
       1
       1
       0
       1
       0
       2
       1
       1
       1
       1
       0
       1
       2
       1
       0
       3
       1
       0
       1
       0
       0
       0
       0
       0
       0
       0
       1
       2
       2
       0
       0
       0
       0
       0
       1
       1
       0
       0
       1
       1
       1
       1
       0
       2
       0
       3
       0
       0
       0
       0
       0
       0
       1
       0
       0
       1
       0
       0
       0
       0
       0
       1
       0
       0
       0
       0
       0
       0
       0
       0
       0
       1
       1
       0
       0
       0
       0
       0
       1
       0
       0
       0
       0
       0
       0
       0
       0
       0
       0
       0
       0
       1
       1
       0
       0
       1
       0
       0
       0
       1
       0
       0
       0
       1
       0
       0
       0
       0
       0
       0
       1
       2
       1
       0
       1
       0
       0
       0
       1
       1
       0
       0
       0
       0
       0
       0
       0
       0
       0
       2
       0
       0
       0
       0
       0
       0
       0
       0
       1
       0
       0
       1
       0
       0
       0
       0
       0
       0
       0
       0
       0
       0
       0
       0
       0
       0
       0
       0
       1
       0
       0
       0
       0
       0
       0
       0
       0
       0
       0
       0
       0
       0
       1
       1
       0
       0
       0
       0
       0
       0
       0
       1
       0
       1
       0
       0
       0
       0
       0
       0
       0
       0
       0
       0
       1
       0
       0
       1
       1
       1
       0
       0
       0
       0
       0
       0
       0
       0
       1
       0
       0
       0
       0
       0
       0
       0
       0
       0
       0
       0
       0
       0
       1
       0
       1
       0
       1
       0
       0
       0
       0
       0
       0
       0
       0
       0
       0
       0
       0
       0
       0
       0
       1
       0
       0
       0
       0
       0
       0
       0
       0
       0
       0
       0
       0
       0
       1
       0
       1
       0
       0
       0
       0
       0
       0
       0
       0
       0
       0
       0
       0
       0
       0
       0
       0
       0
       0
       0
       0
       0
       0
       0
       0
       1
       0
       0
       1
       0
       0
       0
       0
       0
       0
       0
       0
       0
       0
       0
       0
       0
       0
       1
       0
       0
       0
       0
       0
       0
       0
       0
       0
       0
       0
       0
       0
       0
       0
       1
       0
       0
       0
       0
       0
       1
       0
       0
       1
       1
       0
       0
       0
       0
       0
       0
       0
       0
       0
       0
       0
       0
       0
       0
       0
       0
       0
       0
       0
       0
       0
       0
       0
       0
       0
       0
       0
       0
       0
       0
       0
       0
       0
       0
       0
       0
       0
       0
       0
       0
       0
       0
       0
       0
       0
       0
       0
       0
       0
       0
       0
       1
       0
       0
       0
       0
       0
       0
       0
       0
       0
       0
       0
       0
       0
       0
       0
       0
       0
       0
       0
       0
       0
       0
       0
       0
       0
       0
       0
       0
       0
       0
       0
       0
       0
       0
       1
       0
       0
       0
       0
       0
       0
       0
       0
       0
       1
       0
       0
       0
       0
       0
       0
       0
       0
       0
       0
       0
       0
       0
       0
       0
       0
       0
       0
       0
       0
       0
       0
       0
       0
       0
       0
       0
       0
       0
       0
       0
       0
       0
       0
       0
       0
       0
       0
       0
       0
       0
       0
       0
       0
       0
       0
       0
       0
       0
       0
       0
       0
       0
       0
       0
       0
       1
       0
       0
       0
       0
       0
       0
       0
       0
       0
       0
       0
       0
       0
       0
       0
       0
       0
       0
       0
       0
       0
       0
       0
       0
       0
       0
       0
       0
       0
       0
       0
       0
       0
       0
       0
       0
       0
       0
       0
       0
       0
       0
       0
       0
       0
       0
       0
       0
       0
       0
       0
       0
       0
       0
       0
       0
       0
       0
       0
       0
       0
       0
       0
       1
       0
       0
       0
       0
       0
       0
       0
       0
       0
       0
       1
       0
       0
       0
       0
       0
       0
       0
       0
       0
       0
       0
       0
       0
       0
       0
       1
       0
       0
       0
       0
       0
       0
       0
       0
       0
       0
       0
       0
       0
       0
       0
       0
       0
       0
       0
       0
       0
       0
       0
       0
       0
       0
       0
       0
       0
       0
       0
       0
       0
       0
       0
       0
       0
       0
       0
       0
       1
       0
       0
       0
       0
       0
       0
       0
       0
       0
       0
       0
       0
       0
       0
       0
       0
       0
       0
       0
       0
       0
       0
       0
       0
       0
       0
       0
       0
       0
       0
       0
       0
       0
       0
       0
       0
       0
       0
       0
       0
       0
       0
       0
       0
       0
       0
       0
       0
       0
       0
       0
       0
       0
       0
       0
       0
       0
       0
       0
       0
       0
       0
       0
       0
       0
       0
       0
       0
       0
       0
       0
       0
       0
       0
       0
       0
       0
       0
       0
       0
       0
       0
       0
       0
       0
       0
       0
       0
       0
       0
       0
       0
       0
       0
       0
       0
       0
       0
       0
       0
       0
       0
       0
       0
       1
       0
       0
       0
       0
       0
       0
       0
       0
       0
       0
       0
       0
       0
       0
       0
       0
       0
       0
       0
       0
       0
       0
       0
       0
       0
       0
       0
       0
       0
       0
       0
       0
       0
       0
       0
       0
       0
       0
       0
       0
       0
       0
       0
       0
       0
       0
       0
       0
       0
       0
       0
       0
       0
       0
       0
       0
       0
       0
       0
       0
       0
       0
       0
       0
       0
       0
       0
       0
       0
       0
       0
       0
       0
       0
       0
       0
       0
       0
       1
       0
       0
       0
       0
       0
       0
       0
       0
       0
       0
       0
       0
       0
       0
       0
       0
       0
       0
       0
       0
       0
       0
       0
       0
       0
       0
       0
       0
       0
       0
       0
       0
       0
       0
       0
       0
       0
       0
       0
       0
       0
       0
       0
       0
       0
       0
       0
       0
       0
       0
       0
       0
       0
       0
       0
       0
       0
       0
       0
       0
       0
       0
       0
       0
       0
       0
       0
       0
       0
       0
       0
       0
       0
       0
       0
       1
       0
       0
       0
       0
       0
       0
       0
       0
       0
       0
       0
       0
       0
       0
       0
       0
       0
       0
       0
       0
       0
       0
       0
       0
       0
       0
       0
       0
       0
       0
       0
       0
       0
       0
       0
       0
       0
       0
       0
       0
       0
       0
       0
       0
       0
       0
       0
       0
       0
       0
       0
       0
       0
       0
       0
       0
       0
       0
       0
       0
       0
       0
       0
       0
       0
       0
       0
       0
       0
       0
       0
       0
       0
       0
       0
       0
       1
       0
       0
       0
       0
       0
       0
       0
       0
       0
       0
       0
       0
       0
       0
       0
       0
       0
       0
       0
       0
       0
       0
       0
       0
       0
       0
       0
       0
       0
       0
       0
       0
       0
       0
       0
       0
       0
       0
       0
       0
       0
       0
       0
       0
       0
       0
       0
       0
       0
       0
       0
       0
       0
       0
       0
       0
       0
       0
       0
       0
       0
       0
       0
       0
       0
       0
       0
       0
       0
       0
       0
       0
       0
       0
       0
       0
       0
       0
       0
       0
       0
       0
       0
       0
       0
       0
       0
       0
       0
       0
       0
       0
       0
       0
       0
       0
       0
       0
       0
       0
       0
       0
       0
       0
       0
       0
       0
       0
       0
       0
       0
       0
       0
       0
       0
       1
       0
       0
       0
       0
       0
       0
       0
       0
       0
       0
       0
       0
       0
       0
       0
       0
       0
       0
       0
       0
       0
       0
       0
       0
       0
       0
       0
       0
       0
       0
       0
       0
       0
       0
       0
       0
       0
       0
       0
       0
       0
       0
       0
       0
       0
       0
       0
       0
       0
       0
       0
       0
       0
       0
       0
       0
       0
       0
       0
       0
       0
       0
       0
       0
       0
       1
       0
       0
       0
       0
       0
       0
       0
       0
       0
       0
       0
       0
       0
       0
       0
       0
       0
       0
       0
       0
       0
       0
       0
       0
       0
       0
       0
       0
       0
       0
       0
       0
       0
       0
       0
       0
       0
       0
       0
       0
       0
       0
       0
       0
       0
       0
       0
       0
       0
       0
       0
       0
       0
       0
       0
       0
       0
       0
       0
       0
       0
       0
       0
       0
       0
       0
       0
       0
       0
       0
       0
       0
       0
       0
       0
       0
       0
       0
       0
       0
       0
       0
       0
       0
       0
       0
       0
       0
       0
       0
       0
       0
       0
       0
       0
       0
       0
       0
       0
       0
       0
       0
       0
       0
       0
       0
       0
       0
       0
       0
       0
       0
       0
       0
       0
       0
       0
       0
       0
       0
       0
       0
       0
       0
       0
       0
       0
       0
       0
       0
       0
       0
       0
       0
       0
       0
       0
       0
       0
       0
       0
       0
       0
       0
       0
       0
       0
       0
       0
       0
       0
       0
       0
       0
       0
       0
       0
       0
       0
       0
       0
       0
       0
       0
       0
       0
       0
       0
       0
       0
       0
       0
       0
       0
       0
       0
       0
       0
       0
       0
       0
       0
       0
       0
       0
       0
       0
       0
       0
       0
       0
       0
       0
       0
       0
       0
       0
       0
       0
       0
       0
       0
       0
       0
       0
       0
       0
       0
       0
       0
       0
       0
       0
       0
       0
       0
       0
       0
       0
       0
       0
       0
       0
       0
       0
       0
       0
       0
       0
       0
       0
       0
       0
       0
       0
       0
       0
       0
       0
       0
       0
       0
       0
       0
       0
       0
       0
       0
       0
       0
       0
       0
       0
       0
       0
       0
       0
       0
       0
       0
       0
       0
       0
       0
       0
       0
       0
       0
       0
       0
       0
       0
       0
       0
       0
       0
       0
       0
       0
       0
       0
       0
       0
       0
       0
       0
       0
       0
       0
       0
       0
       0
       0
       0
       0
       0
       0
       0
       0
       0
       0
       0
       0
       0
       0
       0
       0
       0
       0
       0
       0
       0
       0
       0
$ROI:
1
952 2459
$PRESETS:
None
0
0
$ENER_FIT:
0.000000 0.000000
$MCA_CAL:
3
0.000000E+000 0.000000E+000 0.000000E+000 
$SHAPE_CAL:
3
0.000000E+000 0.000000E+000 0.000000E+000
